Time,ECG,Pressure,R_Peaks,mean_hr,hrv_scale,Phase_Bin,Normalized_Pressure
0.0,0.001684486749771458,77.5,0,100,3.0,0,0.0
0.005,0.00456624331333666,77.5,0,100,3.0,0,0.0
0.01,0.011079731271581421,77.5,0,100,3.0,0,0.0
0.015,0.024064571490409,77.5,0,100,3.0,0,0.0
0.02,0.046784906529573234,77.5,0,100,3.0,0,0.0
0.025,0.08141644351188804,77.5,0,100,3.0,0,0.0
0.03,0.12682276464025305,77.5,0,100,3.0,0,0.0
0.035,0.1768320708657512,77.5,0,100,3.0,0,0.0
0.04,0.22070063230473494,77.5,0,100,3.0,0,0.0
0.045,0.24656126505113576,77.5,0,100,3.0,0,0.0
0.05,0.24656126505724016,77.5,0,100,3.0,0,0.0
0.055,0.220700632329898,77.5,0,100,3.0,0,0.0
0.06,0.17683207093748562,77.5,0,100,3.0,0,0.0
0.065,0.12682276483597799,77.5,0,100,3.0,0,0.0
0.07,0.08141644409447898,77.5,0,100,3.0,0,0.0
0.075,0.04678490952598309,77.5,0,100,3.0,0,0.0
0.08,0.024064605020532023,77.5,0,100,3.0,0,0.0
0.085,0.011080171739334697,77.5,0,100,3.0,0,0.0
0.09,0.004571212771509492,77.5,0,100,3.0,0,0.0
0.095,0.0017299316936037438,77.5,0,100,3.0,0,0.0
0.1,0.0008899431850697582,77.5,0,100,3.0,0,0.0
0.105,0.002128806368910263,77.5,0,100,3.0,0,0.0
0.11,0.009309664818487698,77.5,0,100,3.0,0,0.0
0.115,0.03503263543368747,77.5,0,100,3.0,0,0.0
0.12,0.10606267793605692,77.5,0,100,3.0,0,0.0
0.125,0.25734927343160535,77.5,0,100,3.0,0,0.0
0.13,0.5003202479539708,77.5,0,100,3.0,0,0.0
0.135,0.7793067891790435,77.5,0,100,3.0,0,0.0
0.14,0.9720477407234077,77.5,0,100,3.0,0,0.0
0.145,0.967267334488097,77.5,0,100,3.0,0,0.0
0.15,0.7505869905515209,77.5,0,100,3.0,0,0.0
0.155,0.4028369574773956,77.5,0,100,3.0,0,0.0
0.16,0.04553881263121314,77.5,0,100,3.0,0,0.0
0.165,-0.189138810908105,77.5,0,100,3.0,0,0.0
0.17,-0.22868072635956738,77.5,0,100,3.0,0,0.0
0.175,-0.14104670682394166,77.5,0,100,3.0,0,0.0
0.18,-0.051158381651102834,77.5,0,100,3.0,0,0.0
0.185,-0.008206426846427752,77.5,0,100,3.0,0,0.0
0.19,0.005350271385530505,77.5,0,100,3.0,0,0.0
0.195,0.01084668799215426,77.5,0,100,3.0,0,0.0
0.2,0.016256859896386415,77.5,0,100,3.0,0,0.0
0.205,0.02345021205790711,77.5,0,100,3.0,0,0.0
0.21,0.0330621597308209,77.5,0,100,3.0,0,0.0
0.215,0.04559141319943196,77.5,0,100,3.0,0,0.0
0.22,0.06149084917446989,77.5,0,100,3.0,0,0.0
0.225,0.08111733445924295,77.5,0,100,3.0,0,0.0
0.23,0.1046628598272375,77.5,0,100,3.0,0,0.0
0.235,0.1320831047748631,77.5,0,100,3.0,0,0.0
0.24,0.16303381314489318,77.5,0,100,3.0,0,0.0
0.245,0.19682662652900276,77.5,0,100,3.0,0,0.0
0.25,0.23241585813229,77.5,0,100,3.0,0,0.0
0.255,0.26842527782774417,77.5,0,100,3.0,0,0.0
0.26,0.30321927900592993,77.5,0,100,3.0,0,0.0
0.265,0.3350163137995362,77.5,0,100,3.0,0,0.0
0.27,0.3620352400956416,77.5,0,100,3.0,0,0.0
0.275,0.3826586036805073,77.5,0,100,3.0,0,0.0
0.28,0.39559233134833227,77.5,0,100,3.0,0,0.0
0.285,0.4,77.5,0,100,3.0,0,0.0
0.29,0.39559233134833227,77.5,0,100,3.0,0,0.0
0.295,0.3826586036805073,77.5,0,100,3.0,0,0.0
0.3,0.3620352400956416,77.5,0,100,3.0,0,0.0
0.305,0.3350163137995362,77.5,0,100,3.0,0,0.0
0.31,0.3032192790059296,77.5,0,100,3.0,0,0.0
0.315,0.26842527782774417,77.5,0,100,3.0,0,0.0
0.32,0.23241585813229,77.5,0,100,3.0,0,0.0
0.325,0.19682662652900276,77.5,0,100,3.0,0,0.0
0.33,0.16303381314489318,77.5,0,100,3.0,0,0.0
0.335,0.13208310477486307,77.5,0,100,3.0,0,0.0
0.34,0.10466285982723562,77.5,0,100,3.0,0,0.0
0.345,0.08111733445917907,77.5,0,100,3.0,0,0.0
0.35,0.06149084917398798,77.5,0,100,3.0,0,0.0
0.355,0.04559141333598128,77.5,0,100,3.0,0,0.0
0.36,0.03306217087257399,77.5,0,100,3.0,0,0.0
0.365,0.02345067901074276,77.5,0,100,3.0,0,0.0
0.37,0.016268788896435526,77.5,0,100,3.0,0,0.0
0.375,0.011039026374860051,77.5,0,100,3.0,0,0.0
0.38,0.007326255555493689,77.5,0,100,3.0,0,0.0
0.385,0.0047556414315231815,77.5,0,100,3.0,0,0.0
0.39,0.0030193390635632803,77.5,0,100,3.0,0,0.0
0.395,0.001874953127946523,77.5,0,100,3.0,0,0.0
0.4,0.0011387927410965778,77.5,0,100,3.0,0,0.0
0.405,0.0006765107634274089,77.5,0,100,3.0,0,0.0
0.41,0.00039307957404427924,77.5,0,100,3.0,0,0.0
0.415,0.00022338910511776318,77.5,0,100,3.0,0,0.0
0.42,0.00012417073320013317,77.5,0,100,3.0,0,0.0
0.425,6.750753468904987e-05,77.5,0,100,3.0,0,0.0
0.43,3.5897234866245036e-05,77.5,0,100,3.0,0,0.0
0.435,1.8670050400879738e-05,77.5,0,100,3.0,0,0.0
0.44,9.497421874143672e-06,77.5,0,100,3.0,0,0.0
0.445,4.725434140340885e-06,77.5,0,100,3.0,0,0.0
0.45,2.299606063738814e-06,77.5,0,100,3.0,0,0.0
0.455,1.0945633976635486e-06,77.5,0,100,3.0,0,0.0
0.46,5.095703414287532e-07,77.5,0,100,3.0,0,0.0
0.465,2.3202944964797243e-07,77.5,0,100,3.0,0,0.0
0.47,1.0333746954038608e-07,77.5,0,100,3.0,0,0.0
0.475,4.501406988770349e-08,77.5,0,100,3.0,0,0.0
0.48,0.0,77.5,0,100,3.0,0,0.0
0.485,0.0,77.5,0,100,3.0,0,0.0
0.49,0.0,77.5,0,100,3.0,0,0.0
0.495,0.0,77.5,0,100,3.0,0,0.0
0.5,0.0,77.5,0,100,3.0,0,0.0
0.505,0.0,77.5,0,100,3.0,0,0.0
0.51,0.0,77.5,0,100,3.0,0,0.0
0.515,0.0,77.5,0,100,3.0,0,0.0
0.52,0.001684486749771458,77.5,0,100,3.0,0,0.0
0.525,0.00456624331333666,77.5,0,100,3.0,0,0.0
0.53,0.011079731271581421,77.5,0,100,3.0,0,0.0
0.535,0.024064571490409,77.5,0,100,3.0,0,0.0
0.54,0.046784906529573234,77.5,0,100,3.0,0,0.0
0.545,0.08141644351188804,77.5,0,100,3.0,0,0.0
0.55,0.12682276464025305,77.5,0,100,3.0,0,0.0
0.555,0.1768320708657512,77.5,0,100,3.0,0,0.0
0.56,0.22070063230473494,77.5,0,100,3.0,0,0.0
0.565,0.24656126505113576,77.5,0,100,3.0,0,0.0
0.57,0.24656126505724016,77.5,0,100,3.0,0,0.0
0.575,0.220700632329898,77.5,0,100,3.0,0,0.0
0.58,0.17683207093748562,77.5,0,100,3.0,0,0.0
0.585,0.12682276483597799,77.5,0,100,3.0,0,0.0
0.59,0.08141644409447898,77.5,0,100,3.0,0,0.0
0.595,0.04678490952598309,77.5,0,100,3.0,0,0.0
0.6,0.024064605020532023,77.5,0,100,3.0,0,0.0
0.605,0.011080171739334697,77.5,0,100,3.0,0,0.0
0.61,0.004571212771509492,77.5,0,100,3.0,0,0.0
0.615,0.0017299316936037438,77.5,0,100,3.0,0,0.0
0.62,0.0008899431850697582,77.5,0,100,3.0,0,0.0
0.625,0.002128806368910263,77.5,0,100,3.0,0,0.0
0.63,0.009309664818487698,77.5,0,100,3.0,0,0.0
0.635,0.03503263543368747,77.5,0,100,3.0,0,0.0
0.64,0.10606267793605692,77.5,0,100,3.0,0,0.0
0.645,0.25734927343160535,77.5,0,100,3.0,0,0.0
0.65,0.5003202479539708,77.5,0,100,3.0,0,0.0
0.655,0.7793067891790435,77.5,0,100,3.0,0,0.0
0.66,0.9720477407234077,77.50000298257781,1,100,3.0,0,5.9060946760288096e-08
0.665,0.967267334488097,77.50000698562181,0,100,3.0,0,1.3832914473283328e-07
0.67,0.7505869905515209,77.50001839468638,0,100,3.0,0,3.642512154166782e-07
0.675,0.4028369574773956,77.50005766999934,0,100,3.0,0,1.1419801848709954e-06
0.68,0.04553881263121314,77.50020995712008,0,100,3.0,0,4.157566734204353e-06
0.685,-0.189138810908105,77.50081280880359,0,100,3.0,0,1.6095223833415298e-05
0.69,-0.22868072635956738,77.503097351455,0,100,3.0,0,6.133369217815863e-05
0.695,-0.14104670682394166,77.51113090624347,0,100,3.0,0,0.00022041398501912253
0.7,-0.051158381651102834,77.53698570626372,0,100,3.0,0,0.0007323902230439779
0.705,-0.008206426846427752,77.61265550495322,0,100,3.0,0,0.0022308020782816694
0.71,0.005350271385530505,77.81335454355643,0,100,3.0,0,0.006205040466463934
0.715,0.01084668799215426,78.2945754104132,0,100,3.0,0,0.015734166542835687
0.72,0.016256859896386415,79.33525192393353,0,100,3.0,0,0.036341622256109436
0.725,0.02345021205790711,81.35961530766114,0,100,3.0,0,0.07642802589428009
0.73,0.0330621597308209,84.88912272221204,0,100,3.0,0,0.14631926182598093
0.735,0.04559141319943196,90.37654399373201,0,100,3.0,0,0.25498106918281216
0.74,0.06149084917446989,97.92423792213376,0,100,3.0,0,0.40444035489373775
0.745,0.08111733445924295,106.98718963572514,0,100,3.0,0,0.5839047452618841
0.75,0.1046628598272375,116.25086790845694,0,100,3.0,0,0.7673439189793453
0.755,0.1320831047748631,123.85923787688145,0,100,3.0,0,0.918004710433296
0.76,0.16303381314489318,128.0,0,100,3.0,0,1.0
0.765,0.19682662652900276,127.61098502595775,0,100,3.0,0,0.9922967331872821
0.77,0.23241585813229,122.83587158770212,0,100,3.0,0,0.8977400314396459
0.775,0.26842527782774417,114.96520763494516,0,100,3.0,0,0.7418852997018843
0.78,0.30321927900592993,105.89752443347074,0,100,3.0,0,0.562327216504371
0.785,0.3350163137995362,97.4283723807234,0,100,3.0,0,0.39462123526184956
0.79,0.3620352400956416,90.72827099469485,0,100,3.0,0,0.2619459602909872
0.795,0.3826586036805073,86.19634780611744,0,100,3.0,0,0.17220490705183059
0.8,0.39559233134833227,83.63586300786153,0,100,3.0,0,0.12150223777943625
0.805,0.4,82.56052605964184,0,100,3.0,0,0.10020843682459098
0.81,0.39559233134833227,82.45518590911567,0,100,3.0,0,0.09812249324981524
0.815,0.3826586036805073,82.9135053462967,0,100,3.0,0,0.10719812566924163
0.82,0.3620352400956416,83.66619963054956,0,100,3.0,0,0.12210296298117933
0.825,0.3350163137995362,84.55142388335696,0,100,3.0,0,0.13963215610607843
0.83,0.3032192790059296,85.47238297465216,0,100,3.0,0,0.15786896979509235
0.835,0.26842527782774417,86.36478766196998,0,100,3.0,0,0.17554034974197988
0.84,0.23241585813229,87.17876238495688,0,100,3.0,0,0.1916586610882551
0.845,0.19682662652900276,87.87166435112398,0,100,3.0,0,0.205379492101465
0.85,0.16303381314489318,88.40698222909897,0,100,3.0,0,0.21597984612077173
0.855,0.13208310477486307,88.75580649977894,0,100,3.0,0,0.22288725742136517
0.86,0.10466285982723562,88.89887430140394,0,100,3.0,0,0.22572028319611753
0.865,0.08111733445917907,88.82817993521967,0,100,3.0,0,0.22432039475682505
0.87,0.06149084917398798,88.54767901408137,0,100,3.0,0,0.21876592107091816
0.875,0.04559141333598128,88.07291340431424,0,100,3.0,0,0.20936462186760862
0.88,0.03306217087257399,87.42958320393963,0,100,3.0,0,0.19662540997900255
0.885,0.02345067901074276,86.65124282568554,0,100,3.0,0,0.1812127292214959
0.89,0.016268788896435526,85.77640730681179,0,100,3.0,0,0.1638892536002335
0.895,0.011039026374860051,84.8454151685361,0,100,3.0,0,0.14545376571358629
0.9,0.007326255555493689,83.8974007286156,0,100,3.0,0,0.12668120254684345
0.905,0.0047556414315231815,82.96768491225848,0,100,3.0,0,0.108270988361554
0.91,0.0030193390635632803,82.08581065794073,0,100,3.0,0,0.09080813184041042
0.915,0.001874953127946523,81.27434395854696,0,100,3.0,0,0.07473948432766267
0.92,0.0011387927410965778,80.54845330467741,0,100,3.0,0,0.060365411973810075
0.925,0.0006765107634274089,79.91618583984749,0,100,3.0,0,0.047845264155395764
0.93,0.00039307957404427924,79.37929015460902,0,100,3.0,0,0.03721366642790146
0.935,0.00022338910511776318,78.93439927898388,0,100,3.0,0,0.028403946118492576
0.94,0.00012417073320013317,78.57438266865057,0,100,3.0,0,0.021274904329714284
0.945,6.750753468904987e-05,78.28969728617166,0,100,3.0,0,0.01563757002320117
0.95,3.5897234866245036e-05,78.06960660042824,0,100,3.0,0,0.011279338622341472
0.955,1.8670050400879738e-05,77.90318289291574,0,100,3.0,0,0.007983819661697764
0.96,9.497421874143672e-06,77.78005407488197,0,100,3.0,0,0.005545625245187608
0.965,4.725434140340885e-06,77.69089493772672,0,100,3.0,0,0.0037800977767668284
0.97,2.299606063738814e-06,77.62769081034563,0,100,3.0,0,0.002528530897933197
0.975,1.0945633976635486e-06,77.58381805725054,0,100,3.0,0,0.0016597635099116707
0.98,5.095703414287532e-07,77.55399185562284,0,100,3.0,0,0.0010691456558978225
0.985,2.3202944964797243e-07,77.53412963416547,0,100,3.0,0,0.0006758343399102353
0.99,1.0333746954038608e-07,77.52117130985577,0,100,3.0,0,0.0004192338585301734
0.995,4.501406988770349e-08,77.51288773328321,0,100,3.0,0,0.0002552026392714372
1.0,0.0,77.50769871188156,0,100,3.0,0,0.00015244974022890023
1.005,0.0,77.5045130724965,0,100,3.0,0,8.936777220779138e-05
1.01,0.0,77.50259620671603,0,100,3.0,0,5.141003398089107e-05
1.015,0.0,77.50146561177017,0,100,3.0,0,2.9022015250928793e-05
1.02,0.0,77.50081191643977,0,100,3.0,0,1.6077553262824374e-05
1.025,0.0,77.50044138385367,0,100,3.0,0,8.740274330083333e-06
1.03,0.0,77.500235469285,0,100,3.0,0,4.662758118850587e-06
1.035,0.0,77.5001232721027,0,100,3.0,0,2.4410317365945417e-06
1.04,0.001684486749771458,77.50006332979159,0,100,3.0,0,1.2540552789475738e-06
1.045,0.00456624331333666,77.50003192743502,0,100,3.0,0,6.322264359913797e-07
1.05,0.011079731271581421,77.50001579547595,0,100,3.0,0,3.1278170189859274e-07
1.055,0.024064571490409,77.50000766856529,0,100,3.0,0,1.518527779911766e-07
1.06,0.046784906529573234,77.50000365349266,0,100,3.0,0,7.234638920942082e-08
1.065,0.08141644351188804,77.50000170810699,0,100,3.0,0,3.382390084628034e-08
1.07,0.12682276464025305,77.50000078367253,0,100,3.0,0,1.55182679819599e-08
1.075,0.1768320708657512,77.50000035283112,0,100,3.0,0,6.986754901800391e-09
1.08,0.22070063230473494,77.5000001558877,0,100,3.0,0,3.086885238072943e-09
1.085,0.24656126505113576,77.50000006758799,0,100,3.0,0,1.3383760458532154e-09
1.09,0.24656126505724016,77.50000002875676,0,100,3.0,0,5.694407673668183e-10
1.095,0.220700632329898,77.50000001200668,0,100,3.0,0,2.377560414772395e-10
1.1,0.17683207093748562,77.50000000491947,0,100,3.0,0,9.74152683711779e-11
1.105,0.12682276483597799,77.50000000197801,0,100,3.0,0,3.916849243186073e-11
1.11,0.08141644409447898,77.50000000078046,0,100,3.0,0,1.5454656256611765e-11
1.115,0.04678490952598309,77.5000000003022,0,100,3.0,0,5.9840361488865464e-12
1.12,0.024064605020532023,77.50000000011482,0,100,3.0,0,2.2737367544323206e-12
1.125,0.011080171739334697,77.50000000004282,0,100,3.0,0,8.47867430829775e-13
1.13,0.004571212771509492,77.50000000001566,0,100,3.0,0,3.101061761614378e-13
1.135,0.0017299316936037438,77.50000000000563,0,100,3.0,0,1.114356132122771e-13
1.14,0.0008899431850697582,77.50000000000198,0,100,3.0,0,3.911502584976393e-14
1.145,0.002128806368910263,77.50000000000068,0,100,3.0,0,1.3507347056033587e-14
1.15,0.009309664818487698,77.50000000000023,0,100,3.0,0,4.502449018677863e-15
1.155,0.03503263543368747,77.50000000000007,0,100,3.0,0,1.4070153183368321e-15
1.16,0.10606267793605692,77.50000000000003,0,100,3.0,0,5.628061273347328e-16
1.165,0.25734927343160535,77.50000000000001,0,100,3.0,0,2.814030636673664e-16
1.17,0.5003202479539708,77.5,0,100,3.0,0,0.0
1.175,0.7793067891790435,77.5,0,100,3.0,0,0.0
1.18,0.9720477407234077,77.50000297947125,1,100,3.0,0,5.8999430643555095e-08
1.185,0.967267334488097,77.50000669548267,0,100,3.0,0,1.3258381520497303e-07
1.19,0.7505869905515209,77.50001668432624,0,100,3.0,0,3.303826978332503e-07
1.195,0.4028369574773956,77.50004864066203,0,100,3.0,0,9.63181426330644e-07
1.2,0.04553881263121314,77.5001638762621,0,100,3.0,0,3.245074497168515e-06
1.205,-0.189138810908105,77.50059305601808,0,100,3.0,1,1.1743683526253451e-05
1.21,-0.22868072635956738,77.50214361864761,0,100,3.0,1,4.244789401204033e-05
1.215,-0.14104670682394166,77.50740440946578,0,100,3.0,1,0.0001466219696193647
1.22,-0.051158381651102834,77.52391675045838,0,100,3.0,1,0.0004735990189778864
1.225,-0.008206426846427752,77.5715281770081,0,100,3.0,1,0.001416399544714948
1.23,0.005350271385530505,77.69717852300056,0,100,3.0,1,0.003904525207931869
1.235,0.01084668799215426,77.99996608244125,0,100,3.0,1,0.009900318464183116
1.24,0.016256859896386415,78.66488444994854,0,100,3.0,1,0.023067018810862275
1.245,0.02345021205790711,79.99269205274055,0,100,3.0,1,0.04936023866812973
1.25,0.0330621597308209,82.39762966193258,0,100,3.0,1,0.09698276558282344
1.255,0.04559141319943196,86.33439214585457,0,100,3.0,1,0.17493845833375377
1.26,0.06149084917446989,92.12891580999748,0,100,3.0,1,0.2896815011880689
1.265,0.08111733445924295,99.73729946877143,0,100,3.0,1,0.44034256373804803
1.27,0.1046628598272375,108.53063759966085,0,100,3.0,1,0.6144680712804128
1.275,0.1320831047748631,117.25196435735869,0,100,3.0,1,0.7871676110368057
1.28,0.16303381314489318,124.25521878140476,0,100,3.0,1,0.9258459164634607
1.285,0.19682662652900276,128.0,0,100,3.0,1,1.0
1.29,0.23241585813229,127.60821013993106,0,100,3.0,1,0.99224178494913
1.295,0.26842527782774417,123.21009401234988,0,100,3.0,1,0.9051503764821759
1.3,0.30321927900592993,115.89514598451852,0,100,3.0,1,0.7602999204855153
1.305,0.3350163137995362,107.29447867544081,0,100,3.0,1,0.5899896767414022
1.31,0.3620352400956416,99.01424251870807,0,100,3.0,1,0.42602460433085293
1.315,0.3826586036805073,92.18796047940592,0,100,3.0,1,0.2908507025624934
1.32,0.39559233134833227,87.30619325917266,0,100,3.0,1,0.19418204473609224
1.325,0.4,84.31153753264881,0,100,3.0,1,0.13488193133958046
1.33,0.39559233134833227,82.8311073691211,0,100,3.0,1,0.10556648255685346
1.335,0.3826586036805073,82.40599310593515,0,100,3.0,1,0.09714837833534956
1.34,0.3620352400956416,82.63713816175672,0,100,3.0,1,0.10172550815359849
1.345,0.3350163137995362,83.23817846509434,0,100,3.0,1,0.1136272963385017
1.35,0.3032192790059296,84.02691167312304,0,100,3.0,1,0.1292457757054067
1.355,0.26842527782774417,84.89307467702398,0,100,3.0,1,0.1463975183569104
1.36,0.23241585813229,85.76705880776896,0,100,3.0,1,0.16370413480730617
1.365,0.19682662652900276,86.59894936510275,0,100,3.0,1,0.1801772151505496
1.37,0.16303381314489318,87.34785757910886,0,100,3.0,1,0.1950070807744329
1.375,0.13208310477486307,87.97819166628076,0,100,3.0,1,0.20748894388674782
1.38,0.10466285982723562,88.45958304429135,0,100,3.0,1,0.2170214464216109
1.385,0.08111733445917907,88.76826866188912,0,100,3.0,1,0.22313403290869552
1.39,0.06149084917398798,88.88869777488769,0,100,3.0,1,0.22551876781955818
1.395,0.04559141333598128,88.8147323001406,0,100,3.0,1,0.22405410495327932
1.4,0.03306217087257399,88.55013959537686,0,100,3.0,1,0.21881464545300716
1.405,0.02345067901074276,88.1082683696946,0,100,3.0,1,0.21006472019197225
1.41,0.016268788896435526,87.51093131541633,0,100,3.0,1,0.19823626367161049
1.415,0.011039026374860051,86.78662085692815,0,100,3.0,1,0.18389348231540897
1.42,0.007326255555493689,85.96826028051984,0,100,3.0,1,0.16768832238653153
1.425,0.0047556414315231815,85.09073675815792,0,100,3.0,1,0.1503116189734241
1.43,0.0030193390635632803,84.18847199298509,0,100,3.0,1,0.1324449899601007
1.435,0.001874953127946523,83.29326166418531,0,100,3.0,1,0.11471805275614473
1.44,0.0011387927410965778,82.4325628331511,0,100,3.0,1,0.09767451154754644
1.445,0.0006765107634274089,81.6283390472271,0,100,3.0,1,0.08174928806390298
1.45,0.00039307957404427924,80.89649780311149,0,100,3.0,1,0.06725738223983142
1.455,0.00022338910511776318,80.24688557285587,0,100,3.0,1,0.05439377371991829
1.46,0.00012417073320013317,79.68375065546115,0,100,3.0,1,0.04324258723685453
1.465,6.750753468904987e-05,79.2065490600829,0,100,3.0,1,0.03379305069471102
1.47,3.5897234866245036e-05,78.81095491810038,0,100,3.0,1,0.02595950332872037
1.475,1.8670050400879738e-05,78.48994253721577,0,100,3.0,1,0.019602822519124118
1.48,9.497421874143672e-06,78.23482760765253,0,100,3.0,1,0.014551041735693738
1.485,4.725434140340885e-06,78.03618442262216,0,100,3.0,1,0.010617513319250621
1.49,2.299606063738814e-06,77.88458839065662,0,100,3.0,1,0.007615611696170638
1.495,1.0945633976635486e-06,77.77116360414196,0,100,3.0,1,0.005369576319642791
1.5,5.095703414287532e-07,77.68794028219736,0,100,3.0,1,0.0037215897464823746
1.505,2.3202944964797243e-07,77.62804469831093,0,100,3.0,1,0.0025355385804144556
1.51,1.0333746954038608e-07,77.58575443254034,0,100,3.0,1,0.001698107575056257
1.515,4.501406988770349e-08,77.55645531088335,0,100,3.0,1,0.0011179269481851636
1.52,0.0,77.5365347616806,0,100,3.0,1,0.0007234606273385961
1.525,0.0,77.52324133142528,0,100,3.0,1,0.00046022438465905734
1.53,0.0,77.51453345862433,0,100,3.0,1,0.00028779125988768274
1.535,0.0,77.508933676106,0,100,3.0,1,0.00017690447734647176
1.54,0.0,77.50539814662669,0,100,3.0,1,0.00010689399260770349
1.545,0.0,77.50320636087476,0,100,3.0,1,6.349229454963054e-05
1.55,0.0,77.50187211866701,0,100,3.0,1,3.707165677245948e-05
1.555,0.0,77.50107450291127,0,100,3.0,1,2.1277285371594854e-05
1.56,0.0,77.50060622671245,0,100,3.0,1,1.2004489355428569e-05
1.565,0.0,77.50033621399805,0,100,3.0,1,6.6577029317591265e-06
1.57,0.0,77.50018329463894,0,100,3.0,1,3.6295968107757594e-06
1.575,0.0,77.50009822838055,0,100,3.0,1,1.9451164465602115e-06
1.58,0.0,77.50005174607993,0,100,3.0,1,1.0246748501577884e-06
1.585,0.001684486749771458,77.50002679607444,0,100,3.0,1,5.30615335379696e-07
1.59,0.00456624331333666,77.50001364011858,0,100,3.0,1,2.701013580454036e-07
1.595,0.011079731271581421,77.50000682524689,0,100,3.0,1,1.3515340366337672e-07
1.6,0.024064571490409,77.50000335715842,0,100,3.0,1,6.647838454858237e-08
1.605,0.046784906529573234,77.50000162322436,0,100,3.0,1,3.214305670913781e-08
1.61,0.08141644351188804,77.5000007715046,0,100,3.0,1,1.5277318859919224e-08
1.615,0.12682276464025305,77.50000036045557,0,100,3.0,1,7.1377341177283975e-09
1.62,0.1768320708657512,77.50000016554581,0,100,3.0,1,3.2781349208301317e-09
1.625,0.22070063230473494,77.50000007473739,0,100,3.0,1,1.4799482387658855e-09
1.63,0.24656126505113576,77.50000003316735,0,100,3.0,1,6.567792734311315e-10
1.635,0.24656126505724016,77.50000001446895,0,100,3.0,1,2.8651390610969314e-10
1.64,0.220700632329898,77.50000000620464,0,100,3.0,1,1.2286423583699984e-10
1.645,0.17683207093748562,77.50000000261547,0,100,3.0,1,5.179138965878779e-11
1.65,0.12682276483597799,77.50000000108376,0,100,3.0,1,2.1460641844464365e-11
1.655,0.08141644409447898,77.50000000044145,0,100,3.0,1,8.74150476976307e-12
1.66,0.04678490952598309,77.50000000017675,0,100,3.0,1,3.5000913058947033e-12
1.665,0.024064605020532023,77.50000000006956,0,100,3.0,1,1.3774679966517585e-12
1.67,0.011080171739334697,77.50000000002692,0,100,3.0,1,5.32977402585992e-13
1.675,0.004571212771509492,77.50000000001023,0,100,3.0,1,2.0261020584050382e-13
1.68,0.0017299316936037438,77.50000000000382,0,100,3.0,1,7.569742412652157e-14
1.685,0.0008899431850697582,77.5000000000014,0,100,3.0,1,2.7858903303069274e-14
1.69,0.002128806368910263,77.50000000000051,0,100,3.0,1,1.013051029202519e-14
1.695,0.009309664818487698,77.50000000000018,0,100,3.0,1,3.6582398276757634e-15
1.7,0.03503263543368747,77.50000000000006,0,100,3.0,1,1.1256122546694657e-15
1.705,0.10606267793605692,77.50000000000001,0,100,3.0,1,2.814030636673664e-16
1.71,0.25734927343160535,77.5,0,100,3.0,1,0.0
1.715,0.5003202479539708,77.5,0,100,3.0,1,0.0
1.72,0.7793067891790435,77.5,0,100,3.0,1,0.0
1.725,0.9720477407234077,77.50000296326382,1,100,3.0,1,5.8678491575054717e-08
1.73,0.967267334488097,77.50000646040132,0,100,3.0,1,1.2792873907402633e-07
1.735,0.7505869905515209,77.50001547099812,0,100,3.0,1,3.063563984497786e-07
1.74,0.4028369574773956,77.50004279940943,0,100,3.0,1,8.475130579818773e-07
1.745,0.04553881263121314,77.50013615438796,0,100,3.0,1,2.696126494250769e-06
1.75,-0.189138810908105,77.5004680179232,0,100,3.0,1,9.267681647462169e-06
1.755,-0.22868072635956738,77.50162325338142,0,100,3.0,1,3.2143631315339815e-05
1.76,-0.14104670682394166,77.50543270243331,0,100,3.0,1,0.00010757826600614871
1.765,-0.051158381651102834,77.51714463608216,0,100,3.0,1,0.0003394977442012825
1.77,-0.008206426846427752,77.55046328702488,0,100,3.0,1,0.0009992730103937162
1.775,0.005350271385530505,77.63783045420662,0,100,3.0,1,0.0027293159248835993
1.78,0.01084668799215426,77.84848933795,0,100,3.0,1,0.006900778969306918
1.785,0.016256859896386415,78.31469943305066,0,100,3.0,1,0.016132662040607187
1.79,0.02345021205790711,79.25999380935703,0,100,3.0,1,0.034851362561525295
1.795,0.0330621597308209,81.0123394706058,0,100,3.0,1,0.06955127664565931
1.8,0.04559141319943196,83.9741410832035,0,100,3.0,1,0.1282008135287823
1.805,0.06149084917446989,88.52124642173986,0,100,3.0,1,0.21824250340078932
1.81,0.08111733445924295,94.82704898075434,0,100,3.0,1,0.34310988080701665
1.815,0.1046628598272375,102.65707317635096,0,100,3.0,1,0.4981598648782369
1.82,0.1320831047748631,111.23231162140519,0,100,3.0,1,0.6679665667604988
1.825,0.16303381314489318,119.27409135130915,0,100,3.0,1,0.8272097297288941
1.83,0.19682662652900276,125.28499396783039,0,100,3.0,1,0.9462375043134731
1.835,0.23241585813229,128.0,0,100,3.0,1,1.0
1.84,0.26842527782774417,126.82648873543778,0,100,3.0,1,0.9767621531769857
1.845,0.30321927900592993,122.06517425913262,0,100,3.0,1,0.882478698200646
1.85,0.3350163137995362,114.80061140479341,0,100,3.0,1,0.7386259684117508
1.855,0.3620352400956416,106.51681736882965,0,100,3.0,1,0.5745904429471218
1.86,0.3826586036805073,98.62505549251536,0,100,3.0,1,0.41831793054485855
1.865,0.39559233134833227,92.10806239375111,0,100,3.0,1,0.28926856225249725
1.87,0.4,87.39237394672186,0,100,3.0,1,0.1958885930043933
1.875,0.39559233134833227,84.43193578594894,0,100,3.0,1,0.1372660551673057
1.88,0.3826586036805073,82.90176098589056,0,100,3.0,1,0.10696556407704082
1.885,0.3620352400956416,82.39163410258165,0,100,3.0,1,0.09686404163528016
1.89,0.3350163137995362,82.53446670163302,0,100,3.0,1,0.09969240993332718
1.895,0.3032192790059296,83.05830634930675,0,100,3.0,1,0.11006547226349994
1.9,0.26842527782774417,83.78469286323443,0,100,3.0,1,0.12444936362840447
1.905,0.23241585813229,84.60340952404425,0,100,3.0,1,0.14066157473354957
1.91,0.19682662652900276,85.4451180660712,0,100,3.0,1,0.15732907061527135
1.915,0.16303381314489318,86.26145611528875,0,100,3.0,1,0.17349418050076737
1.92,0.13208310477486307,87.01388481565941,0,100,3.0,1,0.1883937587259289
1.925,0.10466285982723562,87.66902938979217,0,100,3.0,1,0.20136691860974598
1.93,0.08111733445917907,88.19777841433479,0,100,3.0,1,0.21183719632346124
1.935,0.06149084917398798,88.57611523626564,0,100,3.0,1,0.21932901457951753
1.94,0.04559141333598128,88.78646487339392,0,100,3.0,1,0.22349435392859257
1.945,0.03306217087257399,88.81890111521152,0,100,3.0,1,0.22413665574676273
1.95,0.02345067901074276,88.67188096074477,0,100,3.0,1,0.22122536555930242
1.955,0.016268788896435526,88.35235527116667,0,100,3.0,1,0.21489812418151827
1.96,0.011039026374860051,87.87522130851018,0,100,3.0,1,0.20544992690119163
1.965,0.007326255555493689,87.2621707098855,0,100,3.0,1,0.1933103110868415
1.97,0.0047556414315231815,86.54005532752586,0,100,3.0,1,0.17901099658467057
1.975,0.0030193390635632803,85.73894191529423,0,100,3.0,1,0.16314736465929175
1.98,0.001874953127946523,84.89005134205526,0,100,3.0,1,0.1463376503377279
1.985,0.0011387927410965778,84.02377737381408,0,100,3.0,1,0.12918371037255613
1.99,0.0006765107634274089,83.16795600607652,0,100,3.0,1,0.11223675259557471
1.995,0.00039307957404427924,82.34651399423815,0,100,3.0,1,0.09597057414332973
2.0,0.00022338910511776318,81.57857200075955,0,100,3.0,1,0.08076380199523861
2.005,0.00012417073320013317,80.87802187700999,0,100,3.0,1,0.06689152231702941
2.01,6.750753468904987e-05,80.2535466853287,0,100,3.0,1,0.05452567693720199
2.015,3.5897234866245036e-05,79.70901208831678,0,100,3.0,1,0.0437428136300353
2.02,1.8670050400879738e-05,79.24413221055799,0,100,3.0,1,0.034537271496197876
2.025,9.497421874143672e-06,78.85530292273832,0,100,3.0,1,0.02683768163838253
2.03,4.725434140340885e-06,78.53649929026788,0,100,3.0,1,0.02052473842114621
2.035,2.299606063738814e-06,78.28014854914866,0,100,3.0,1,0.015448486121755704
2.04,1.0945633976635486e-06,78.0779114022779,0,100,3.0,1,0.011443790144116941
2.045,5.095703414287532e-07,77.92132854472484,0,100,3.0,1,0.008343139499501858
2.05,2.3202944964797243e-07,77.80231254214551,0,100,3.0,1,0.0059863869731785115
2.055,1.0333746954038608e-07,77.71348487388187,0,100,3.0,1,0.004227423245185496
2.06,4.501406988770349e-08,77.64837260275212,0,100,3.0,1,0.002938071341626111
2.065,0.0,77.6014883012127,0,100,3.0,1,0.0020096693309445
2.07,0.0,77.56832095256193,0,100,3.0,1,0.0013528901497412529
2.075,0.0,77.54526551904495,0,100,3.0,1,0.0008963469117811137
2.08,0.0,77.52951594948496,0,100,3.0,1,0.0005844742472269297
2.085,0.0,77.51894181864023,0,100,3.0,1,0.00037508551762830214
2.09,0.0,77.5119636101294,0,100,3.0,1,0.00023690317087919153
2.095,0.0,77.50743666967786,0,100,3.0,1,0.0001472607857001639
2.1,0.0,77.50454957043476,0,100,3.0,1,9.00905036586448e-05
2.105,0.0,77.5027392896498,0,100,3.0,1,5.424335940189606e-05
2.11,0.0,77.50162323419167,0,100,3.0,1,3.214325132018017e-05
2.115,0.0,77.5009466731716,0,100,3.0,1,1.8746003397969653e-05
2.12,0.0,77.50054336870136,0,100,3.0,1,1.0759776264511865e-05
2.125,0.0,77.50030694801582,0,100,3.0,1,6.078178531066838e-06
2.13,0.0,77.50017065173328,0,100,3.0,1,3.379242243265325e-06
2.135,0.0,77.50009337534921,0,100,3.0,1,1.8490168160231333e-06
2.14,0.0,77.50005028395583,0,100,3.0,1,9.957218976118798e-07
2.145,0.0,77.50002665031187,0,100,3.0,1,5.277289478546645e-07
2.15,0.001684486749771458,77.50001390115278,0,100,3.0,1,2.752703521494341e-07
2.155,0.00456624331333666,77.50000713633123,0,100,3.0,1,1.4131348978993953e-07
2.16,0.011079731271581421,77.50000360557758,0,100,3.0,1,7.139757574598005e-08
2.165,0.024064571490409,77.5000017928764,0,100,3.0,1,3.550250304521463e-08
2.17,0.046784906529573234,77.50000087740786,0,100,3.0,1,1.7374413001823202e-08
2.175,0.08141644351188804,77.50000042259889,0,100,3.0,1,8.368294800783417e-09
2.18,0.12682276464025305,77.50000020032302,0,100,3.0,1,3.966792377522694e-09
2.185,0.1768320708657512,77.50000009345639,0,100,3.0,1,1.8506216405296415e-09
2.19,0.22070063230473494,77.50000004291043,0,100,3.0,1,8.497114651059872e-10
2.195,0.24656126505113576,77.50000001939064,0,100,3.0,1,3.839730733588031e-10
2.2,0.24656126505724016,77.50000000862377,0,100,3.0,1,1.707677607681593e-10
2.205,0.220700632329898,77.50000000377466,0,100,3.0,1,7.474571896519853e-11
2.21,0.17683207093748562,77.50000000162605,0,100,3.0,1,3.219898275401107e-11
2.215,0.12682276483597799,77.5000000006894,0,100,3.0,1,1.3651425424631278e-11
2.22,0.08141644409447898,77.50000000028766,0,100,3.0,1,5.696160814754831e-12
2.225,0.04678490952598309,77.50000000011813,0,100,3.0,1,2.339303668266817e-12
2.23,0.024064605020532023,77.50000000004775,0,100,3.0,1,9.455142939223512e-13
2.235,0.011080171739334697,77.50000000001899,0,100,3.0,1,3.759544930596015e-13
2.24,0.004571212771509492,77.50000000000743,0,100,3.0,1,1.4717380229803264e-13
2.245,0.0017299316936037438,77.50000000000287,0,100,3.0,1,5.684341886080802e-14
2.25,0.0008899431850697582,77.50000000000108,0,100,3.0,1,2.1386632838719847e-14
2.255,0.002128806368910263,77.5000000000004,0,100,3.0,1,7.87928578268626e-15
2.26,0.009309664818487698,77.50000000000014,0,100,3.0,1,2.8140306366736642e-15
2.265,0.03503263543368747,77.50000000000006,0,100,3.0,1,1.1256122546694657e-15
2.27,0.10606267793605692,77.50000000000001,0,100,3.0,1,2.814030636673664e-16
2.275,0.25734927343160535,77.5,0,100,3.0,1,0.0
2.28,0.5003202479539708,77.5,0,100,3.0,1,0.0
2.285,0.7793067891790435,77.5,0,100,3.0,1,0.0
2.29,0.9720477407234077,77.50000295863553,1,100,3.0,1,5.8586842255458086e-08
2.295,0.967267334488097,77.50000589453069,0,100,3.0,1,1.1672337995159888e-07
2.3,0.7505869905515209,77.50001258016395,0,100,3.0,1,2.491121575071747e-07
2.305,0.4028369574773956,77.50002991887783,0,100,3.0,1,5.924530263079156e-07
2.31,0.04553881263121314,77.50008014574549,0,100,3.0,1,1.5870444650601604e-06
2.315,-0.189138810908105,77.50023413902163,0,100,3.0,1,4.636416269875662e-06
2.32,-0.22868072635956738,77.50070857773588,0,100,3.0,1,1.4031242294617421e-05
2.325,-0.14104670682394166,77.50212862812675,0,100,3.0,1,4.2151052014949724e-05
2.33,-0.051158381651102834,77.50618263287807,0,100,3.0,1,0.0001224283738230776
2.335,-0.008206426846427752,77.51711785807466,0,100,3.0,1,0.0003389674866268436
2.34,0.005350271385530505,77.5448517347519,0,100,3.0,1,0.0008881531634039905
2.345,0.01084668799215426,77.61080692902989,0,100,3.0,1,0.0021941966144532954
2.35,0.016256859896386415,77.75762785478521,0,100,3.0,1,0.005101541678915102
2.355,0.02345021205790711,78.06315289436618,0,100,3.0,1,0.0111515424626967
2.36,0.0330621597308209,78.65673830666799,0,100,3.0,1,0.022905709042930485
2.365,0.04559141319943196,79.73198134472196,0,100,3.0,1,0.04419765039053384
2.37,0.06149084917446989,81.54501227311613,0,100,3.0,1,0.08009925293299265
2.375,0.08111733445924295,84.38464209821635,0,100,3.0,1,0.1363295464993336
2.38,0.1046628598272375,88.50403246526267,0,100,3.0,1,0.2179016329754984
2.385,0.1320831047748631,94.01656472183686,0,100,3.0,1,0.3270606875611259
2.39,0.16303381314489318,100.77994101177725,0,100,3.0,1,0.46098893092628224
2.395,0.19682662652900276,108.31363751867889,0,100,3.0,1,0.6101710399738394
2.4,0.23241585813229,115.8015723972912,0,100,3.0,1,0.758446978164182
2.405,0.26842527782774417,122.21250830998903,0,100,3.0,1,0.8853962041581986
2.41,0.30321927900592993,126.52603826050846,0,100,3.0,2,0.9708126388219497
2.415,0.3350163137995362,128.0,0,100,3.0,2,1.0
2.42,0.3620352400956416,126.38406092367941,0,100,3.0,2,0.9680012064094934
2.425,0.3826586036805073,121.99556843228333,0,100,3.0,2,0.8811003649957097
2.43,0.39559233134833227,115.6266452242233,0,100,3.0,2,0.7549830737469959
2.435,0.4,108.32036261160054,0,100,3.0,2,0.6103042101307038
2.44,0.39559233134833227,101.10323179979561,0,100,3.0,2,0.4673907287088239
2.445,0.3826586036805073,94.76777473766506,0,100,3.0,2,0.34193613341911017
2.45,0.3620352400956416,89.76439299076465,0,100,3.0,2,0.24285926714385442
2.455,0.3350163137995362,86.20926627172703,0,100,3.0,2,0.17246071825202042
2.46,0.3032192790059296,83.97243167283402,0,100,3.0,2,0.12816696381849543
2.465,0.26842527782774417,82.7938264487047,0,100,3.0,2,0.10482824650900409
2.47,0.23241585813229,82.38399391622505,0,100,3.0,2,0.09671275081633765
2.475,0.19682662652900276,82.48788123894413,0,100,3.0,2,0.09876992552364607
2.48,0.16303381314489318,82.91091906123887,0,100,3.0,2,0.10714691210374003
2.485,0.13208310477486307,83.51852879694448,0,100,3.0,2,0.11917878805830653
2.49,0.10466285982723562,84.22272355972284,0,100,3.0,2,0.13312323880639282
2.495,0.08111733445917907,84.96617934772094,0,100,3.0,2,0.14784513559843443
2.5,0.06149084917398798,85.70924651097013,0,100,3.0,2,0.16255933685089372
2.505,0.04559141333598128,86.42147052118344,0,100,3.0,2,0.17666278259769183
2.51,0.03306217087257399,87.0770715748847,0,100,3.0,2,0.18964498168088512
2.515,0.02345067901074276,87.65314650117571,0,100,3.0,2,0.2010524059638755
2.52,0.016268788896435526,88.12943966856027,0,100,3.0,2,0.21048395383287657
2.525,0.011039026374860051,88.4888612734019,0,100,3.0,2,0.21760121333469098
2.53,0.007326255555493689,88.71824516685794,0,100,3.0,2,0.2221434686506523
2.535,0.0047556414315231815,88.80905557187164,0,100,3.0,2,0.2239416944925077
2.54,0.0030193390635632803,88.75788298162304,0,100,3.0,2,0.22292837587372358
2.545,0.001874953127946523,88.56664693700436,0,100,3.0,2,0.2191415235050369
2.55,0.0011387927410965778,88.24247373671773,0,100,3.0,2,0.21272225221223223
2.555,0.0006765107634274089,87.79725494129089,0,100,3.0,2,0.2039060384414037
2.56,0.00039307957404427924,87.24692328910454,0,100,3.0,2,0.19300838196246622
2.565,0.00022338910511776318,86.6105070604557,0,100,3.0,2,0.18040608040506342
2.57,0.00012417073320013317,85.90904096345788,0,100,3.0,2,0.16651566264273035
2.575,6.750753468904987e-05,85.1644201722591,0,100,3.0,2,0.1517706964803782
2.58,3.5897234866245036e-05,84.39828384642226,0,100,3.0,2,0.13659968012717347
2.585,1.8670050400879738e-05,83.63100589666291,0,100,3.0,2,0.12140605735966165
2.59,9.497421874143672e-06,82.8808554478679,0,100,3.0,2,0.10655159302708715
2.595,4.725434140340885e-06,82.16336957323678,0,100,3.0,2,0.09234395194528273
2.6,2.299606063738814e-06,81.49095896483546,0,100,3.0,2,0.07902889039278133
2.605,1.0945633976635486e-06,80.87274578396709,0,100,3.0,2,0.0667870452270711
2.61,5.095703414287532e-07,80.31461418365399,0,100,3.0,2,0.05573493432978192
2.615,2.3202944964797243e-07,79.81943952585937,0,100,3.0,2,0.0459294955615716
2.62,1.0333746954038608e-07,79.38745303383412,0,100,3.0,2,0.037375307600675645
2.625,4.501406988770349e-08,79.01669470924061,0,100,3.0,2,0.030033558598823968
2.63,0.0,78.70350835049594,0,100,3.0,2,0.023831848524672027
2.635,0.0,78.44303749859628,0,100,3.0,2,0.01867400987319372
2.64,0.0,78.22968889112258,0,100,3.0,2,0.014449284972724314
2.645,0.0,78.05753922233096,0,100,3.0,2,0.011040380640217014
2.65,0.0,77.92067047657592,0,100,3.0,2,0.008330108447047947
2.655,0.0,77.81342783305934,0,100,3.0,2,0.0062064917437492295
2.66,0.0,77.73060143463216,0,100,3.0,2,0.004566365042221053
2.665,0.0,77.66753878732776,0,100,3.0,2,0.0033175997490644984
2.67,0.0,77.62019811267334,0,100,3.0,2,0.0023801606469967484
2.675,0.0,77.58515474396656,0,100,3.0,2,0.0016862325537931723
2.68,0.0,77.55957293052953,0,100,3.0,2,0.001179661990683693
2.685,0.0,77.54115456349685,0,100,3.0,2,0.0008149418514226972
2.69,0.0,77.52807475357761,0,100,3.0,2,0.0005559357144081764
2.695,0.0,77.51891223363421,0,100,3.0,2,0.00037449967592496843
2.7,0.0,77.51258052061632,0,100,3.0,2,0.00024911922012524703
2.705,0.0,77.50826386704453,0,100,3.0,2,0.00016364093157491906
2.71,0.0,77.50536039689462,0,100,3.0,2,0.00010614647316071911
2.715,0.0,77.50343351928187,0,100,3.0,2,6.799048082911267e-05
2.72,0.0,77.50217175561201,0,100,3.0,2,4.30050616239779e-05
2.725,0.0,77.50135647355782,0,100,3.0,2,2.6860862531088745e-05
2.73,0.0,77.50083664386412,0,100,3.0,2,1.656720523007859e-05
2.735,0.0,77.50050956412707,0,100,3.0,2,1.0090378753888541e-05
2.74,0.0,77.50030646859729,0,100,3.0,2,6.068685094798711e-06
2.745,0.0,77.5001820128428,0,100,3.0,2,3.604214708898911e-06
2.75,0.0,77.50010674486768,0,100,3.0,2,2.1137597560248262e-06
2.755,0.0,77.50006181884571,0,100,3.0,2,1.2241355585785532e-06
2.76,0.0,77.50003535279038,0,100,3.0,2,7.000552549884965e-07
2.765,0.0,77.50001996436139,0,100,3.0,2,3.9533388881990153e-07
2.77,0.0,77.50001113309885,0,100,3.0,2,2.204574030039823e-07
2.775,0.0,77.50000613063735,0,100,3.0,2,1.2139875931358919e-07
2.78,0.0,77.5000033336815,0,100,3.0,2,6.601349514987828e-08
2.785,0.001684486749771458,77.50000179007613,0,100,3.0,2,3.544705200871285e-08
2.79,0.00456624331333666,77.50000094917833,0,100,3.0,2,1.8795610471762742e-08
2.795,0.011079731271581421,77.50000049699618,0,100,3.0,2,9.841508501429615e-09
2.8,0.024064571490409,77.50000025697283,0,100,3.0,2,5.088570796852755e-09
2.805,0.046784906529573234,77.50000013120497,0,100,3.0,2,2.59811822661054e-09
2.81,0.08141644351188804,77.50000006615188,0,100,3.0,2,1.3099382964481824e-09
2.815,0.12682276464025305,77.50000003293542,0,100,3.0,2,6.521864940290164e-10
2.82,0.1768320708657512,77.50000001619246,0,100,3.0,2,3.20642751074335e-10
2.825,0.22070063230473494,77.50000000786125,0,100,3.0,2,1.5566823517789575e-10
2.83,0.24656126505113576,77.50000000376876,0,100,3.0,2,7.462893669377658e-11
2.835,0.24656126505724016,77.50000000178417,0,100,3.0,2,3.533015464343785e-11
2.84,0.220700632329898,77.50000000083406,0,100,3.0,2,1.6516108612765068e-11
2.845,0.17683207093748562,77.50000000038503,0,100,3.0,2,7.624334607003625e-12
2.85,0.12682276483597799,77.50000000017552,0,100,3.0,2,3.4756092393556427e-12
2.855,0.08141644409447898,77.50000000007901,0,100,3.0,2,1.5646010339905572e-12
2.86,0.04678490952598309,77.50000000003512,0,100,3.0,2,6.953469703220624e-13
2.865,0.024064605020532023,77.50000000001542,0,100,3.0,2,3.0532232407909255e-13
2.87,0.011080171739334697,77.50000000000668,0,100,3.0,2,1.322594399236622e-13
2.875,0.004571212771509492,77.50000000000286,0,100,3.0,2,5.656201579714065e-14
2.88,0.0017299316936037438,77.50000000000121,0,100,3.0,2,2.3919260411726144e-14
2.885,0.0008899431850697582,77.5000000000005,0,100,3.0,2,9.849107228357824e-15
2.89,0.002128806368910263,77.50000000000021,0,100,3.0,2,4.221045955010496e-15
2.895,0.009309664818487698,77.50000000000009,0,100,3.0,2,1.6884183820041984e-15
2.9,0.03503263543368747,77.50000000000003,0,100,3.0,2,5.628061273347328e-16
2.905,0.10606267793605692,77.50000000000001,0,100,3.0,2,2.814030636673664e-16
2.91,0.25734927343160535,77.5,0,100,3.0,2,0.0
2.915,0.5003202479539708,77.5,0,100,3.0,2,0.0
2.92,0.7793067891790435,77.5,0,100,3.0,2,0.0
2.925,0.9720477407234077,77.50000298257781,1,100,3.0,2,5.9060946760288096e-08
2.93,0.967267334488097,77.50000698562181,0,100,3.0,2,1.3832914473283328e-07
2.935,0.7505869905515209,77.50001839468638,0,100,3.0,2,3.642512154166782e-07
2.94,0.4028369574773956,77.50005766999934,0,100,3.0,2,1.1419801848709954e-06
2.945,0.04553881263121314,77.50020995712008,0,100,3.0,2,4.157566734204353e-06
2.95,-0.189138810908105,77.50081280880359,0,100,3.0,2,1.6095223833415298e-05
2.955,-0.22868072635956738,77.503097351455,0,100,3.0,2,6.133369217815863e-05
2.96,-0.14104670682394166,77.51113090624347,0,100,3.0,2,0.00022041398501912253
2.965,-0.051158381651102834,77.53698570626372,0,100,3.0,2,0.0007323902230439779
2.97,-0.008206426846427752,77.61265550495322,0,100,3.0,2,0.0022308020782816694
2.975,0.005350271385530505,77.81335454355643,0,100,3.0,2,0.006205040466463934
2.98,0.01084668799215426,78.2945754104132,0,100,3.0,2,0.015734166542835687
2.985,0.016256859896386415,79.33525192393353,0,100,3.0,2,0.036341622256109436
2.99,0.02345021205790711,81.35961530766114,0,100,3.0,2,0.07642802589428009
2.995,0.0330621597308209,84.88912272221204,0,100,3.0,2,0.14631926182598093
3.0,0.04559141319943196,90.37654399373201,0,100,3.0,2,0.25498106918281216
3.005,0.06149084917446989,97.92423792213376,0,100,3.0,2,0.40444035489373775
3.01,0.08111733445924295,106.98718963572514,0,100,3.0,2,0.5839047452618841
3.015,0.1046628598272375,116.25086790845694,0,100,3.0,2,0.7673439189793453
3.02,0.1320831047748631,123.85923787688145,0,100,3.0,2,0.918004710433296
3.025,0.16303381314489318,128.0,0,100,3.0,2,1.0
3.03,0.19682662652900276,127.61098502595775,0,100,3.0,2,0.9922967331872821
3.035,0.23241585813229,122.83587158770212,0,100,3.0,2,0.8977400314396459
3.04,0.26842527782774417,114.96520763494516,0,100,3.0,2,0.7418852997018843
3.045,0.30321927900592993,105.89752443347074,0,100,3.0,2,0.562327216504371
3.05,0.3350163137995362,97.4283723807234,0,100,3.0,2,0.39462123526184956
3.055,0.3620352400956416,90.72827099469485,0,100,3.0,2,0.2619459602909872
3.06,0.3826586036805073,86.19634780611744,0,100,3.0,2,0.17220490705183059
3.065,0.39559233134833227,83.63586300786153,0,100,3.0,2,0.12150223777943625
3.07,0.4,82.56052605964184,0,100,3.0,2,0.10020843682459098
3.075,0.39559233134833227,82.45518590911567,0,100,3.0,2,0.09812249324981524
3.08,0.3826586036805073,82.9135053462967,0,100,3.0,2,0.10719812566924163
3.085,0.3620352400956416,83.66619963054956,0,100,3.0,2,0.12210296298117933
3.09,0.3350163137995362,84.55142388335696,0,100,3.0,2,0.13963215610607843
3.095,0.3032192790059296,85.47238297465216,0,100,3.0,2,0.15786896979509235
3.1,0.26842527782774417,86.36478766196998,0,100,3.0,2,0.17554034974197988
3.105,0.23241585813229,87.17876238495688,0,100,3.0,2,0.1916586610882551
3.11,0.19682662652900276,87.87166435112398,0,100,3.0,2,0.205379492101465
3.115,0.16303381314489318,88.40698222909897,0,100,3.0,2,0.21597984612077173
3.12,0.13208310477486307,88.75580649977894,0,100,3.0,2,0.22288725742136517
3.125,0.10466285982723562,88.89887430140394,0,100,3.0,2,0.22572028319611753
3.13,0.08111733445917907,88.82817993521967,0,100,3.0,2,0.22432039475682505
3.135,0.06149084917398798,88.54767901408137,0,100,3.0,2,0.21876592107091816
3.14,0.04559141333598128,88.07291340431424,0,100,3.0,2,0.20936462186760862
3.145,0.03306217087257399,87.42958320393963,0,100,3.0,2,0.19662540997900255
3.15,0.02345067901074276,86.65124282568554,0,100,3.0,2,0.1812127292214959
3.155,0.016268788896435526,85.77640730681179,0,100,3.0,2,0.1638892536002335
3.16,0.011039026374860051,84.8454151685361,0,100,3.0,2,0.14545376571358629
3.165,0.007326255555493689,83.8974007286156,0,100,3.0,2,0.12668120254684345
3.17,0.0047556414315231815,82.96768491225848,0,100,3.0,2,0.108270988361554
3.175,0.0030193390635632803,82.08581065794073,0,100,3.0,2,0.09080813184041042
3.18,0.001874953127946523,81.27434395854696,0,100,3.0,2,0.07473948432766267
3.185,0.0011387927410965778,80.54845330467741,0,100,3.0,2,0.060365411973810075
3.19,0.0006765107634274089,79.91618583984749,0,100,3.0,2,0.047845264155395764
3.195,0.00039307957404427924,79.37929015460902,0,100,3.0,2,0.03721366642790146
3.2,0.00022338910511776318,78.93439927898388,0,100,3.0,2,0.028403946118492576
3.205,0.00012417073320013317,78.57438266865057,0,100,3.0,2,0.021274904329714284
3.21,6.750753468904987e-05,78.28969728617166,0,100,3.0,2,0.01563757002320117
3.215,3.5897234866245036e-05,78.06960660042824,0,100,3.0,2,0.011279338622341472
3.22,1.8670050400879738e-05,77.90318289291574,0,100,3.0,2,0.007983819661697764
3.225,9.497421874143672e-06,77.78005407488197,0,100,3.0,2,0.005545625245187608
3.23,4.725434140340885e-06,77.69089493772672,0,100,3.0,2,0.0037800977767668284
3.235,2.299606063738814e-06,77.62769081034563,0,100,3.0,2,0.002528530897933197
3.24,1.0945633976635486e-06,77.58381805725054,0,100,3.0,2,0.0016597635099116707
3.245,5.095703414287532e-07,77.55399185562284,0,100,3.0,2,0.0010691456558978225
3.25,2.3202944964797243e-07,77.53412963416547,0,100,3.0,2,0.0006758343399102353
3.255,1.0333746954038608e-07,77.52117130985577,0,100,3.0,2,0.0004192338585301734
3.26,4.501406988770349e-08,77.51288773328321,0,100,3.0,2,0.0002552026392714372
3.265,0.0,77.50769871188156,0,100,3.0,2,0.00015244974022890023
3.27,0.0,77.5045130724965,0,100,3.0,2,8.936777220779138e-05
3.275,0.0,77.50259620671603,0,100,3.0,2,5.141003398089107e-05
3.28,0.0,77.50146561177017,0,100,3.0,2,2.9022015250928793e-05
3.285,0.0,77.50081191643977,0,100,3.0,2,1.6077553262824374e-05
3.29,0.0,77.50044138385367,0,100,3.0,2,8.740274330083333e-06
3.295,0.0,77.500235469285,0,100,3.0,2,4.662758118850587e-06
3.3,0.0,77.5001232721027,0,100,3.0,2,2.4410317365945417e-06
3.305,0.001684486749771458,77.50006332979159,0,100,3.0,2,1.2540552789475738e-06
3.31,0.00456624331333666,77.50003192743502,0,100,3.0,2,6.322264359913797e-07
3.315,0.011079731271581421,77.50001579547595,0,100,3.0,2,3.1278170189859274e-07
3.32,0.024064571490409,77.50000766856529,0,100,3.0,2,1.518527779911766e-07
3.325,0.046784906529573234,77.50000365349266,0,100,3.0,2,7.234638920942082e-08
3.33,0.08141644351188804,77.50000170810699,0,100,3.0,2,3.382390084628034e-08
3.335,0.12682276464025305,77.50000078367253,0,100,3.0,2,1.55182679819599e-08
3.34,0.1768320708657512,77.50000035283112,0,100,3.0,2,6.986754901800391e-09
3.345,0.22070063230473494,77.5000001558877,0,100,3.0,2,3.086885238072943e-09
3.35,0.24656126505113576,77.50000006758799,0,100,3.0,2,1.3383760458532154e-09
3.355,0.24656126505724016,77.50000002875676,0,100,3.0,2,5.694407673668183e-10
3.36,0.220700632329898,77.50000001200668,0,100,3.0,2,2.377560414772395e-10
3.365,0.17683207093748562,77.50000000491947,0,100,3.0,2,9.74152683711779e-11
3.37,0.12682276483597799,77.50000000197801,0,100,3.0,2,3.916849243186073e-11
3.375,0.08141644409447898,77.50000000078046,0,100,3.0,2,1.5454656256611765e-11
3.38,0.04678490952598309,77.5000000003022,0,100,3.0,2,5.9840361488865464e-12
3.385,0.024064605020532023,77.50000000011482,0,100,3.0,2,2.2737367544323206e-12
3.39,0.011080171739334697,77.50000000004282,0,100,3.0,2,8.47867430829775e-13
3.395,0.004571212771509492,77.50000000001566,0,100,3.0,2,3.101061761614378e-13
3.4,0.0017299316936037438,77.50000000000563,0,100,3.0,2,1.114356132122771e-13
3.405,0.0008899431850697582,77.50000000000198,0,100,3.0,2,3.911502584976393e-14
3.41,0.002128806368910263,77.50000000000068,0,100,3.0,2,1.3507347056033587e-14
3.415,0.009309664818487698,77.50000000000023,0,100,3.0,2,4.502449018677863e-15
3.42,0.03503263543368747,77.50000000000007,0,100,3.0,2,1.4070153183368321e-15
3.425,0.10606267793605692,77.50000000000003,0,100,3.0,2,5.628061273347328e-16
3.43,0.25734927343160535,77.50000000000001,0,100,3.0,2,2.814030636673664e-16
3.435,0.5003202479539708,77.5,0,100,3.0,2,0.0
3.44,0.7793067891790435,77.5,0,100,3.0,2,0.0
3.445,0.9720477407234077,77.5000029632167,1,100,3.0,2,5.867755844249559e-08
3.45,0.967267334488097,77.5000059376048,0,100,3.0,2,1.1757633261719219e-07
3.455,0.7505869905515209,77.50001276355475,0,100,3.0,2,2.5274365841574077e-07
3.46,0.4028369574773956,77.50003064109448,0,100,3.0,2,6.067543461986224e-07
3.465,0.04553881263121314,77.50008298165619,0,100,3.0,2,1.6432011127090117e-06
3.47,-0.189138810908105,77.50024503836143,0,100,3.0,2,4.852244780740965e-06
3.475,-0.22868072635956738,77.50074848054169,0,100,3.0,2,1.4821396865108279e-05
3.48,-0.14104670682394166,77.50226551612232,0,100,3.0,2,4.4861705392500734e-05
3.485,-0.051158381651102834,77.50661940466038,0,100,3.0,2,0.00013107732000760438
3.49,-0.008206426846427752,77.51841054376423,0,100,3.0,2,0.00036456522305411903
3.495,0.005350271385530505,77.54839812828513,0,100,3.0,2,0.0009583787779233446
3.5,0.01084668799215426,77.61982582118479,0,100,3.0,2,0.0023727885383126738
3.505,0.016256859896386415,77.77889256217193,0,100,3.0,2,0.0055226249935036225
3.51,0.02345021205790711,78.10963732186457,0,100,3.0,2,0.012072026175536002
3.515,0.0330621597308209,78.75092151744123,0,100,3.0,2,0.02477072311764807
3.52,0.04559141319943196,79.9087326709927,0,100,3.0,2,0.0476976766533209
3.525,0.06149084917446989,81.85188343427765,0,100,3.0,2,0.0861759095896565
3.53,0.08111733445924295,84.87660047953338,0,100,3.0,2,0.14607129662442336
3.535,0.1046628598272375,89.23015235542505,0,100,3.0,2,0.23228024466188213
3.54,0.1320831047748631,94.99882501874558,0,100,3.0,2,0.3465113865098134
3.545,0.16303381314489318,101.98894029735766,0,100,3.0,2,0.4849295108387655
3.55,0.19682662652900276,109.65089174060849,0,100,3.0,2,0.6366513215962076
3.555,0.23241585813229,117.09986446314402,0,100,3.0,2,0.7841557319434459
3.56,0.26842527782774417,123.26166314833992,0,100,3.0,2,0.9061715474918796
3.565,0.30321927900592993,127.12152069509544,0,100,3.0,2,0.9826043701999098
3.57,0.3350163137995362,128.0,0,100,3.0,2,1.0
3.575,0.3620352400956416,125.753838019447,0,100,3.0,2,0.9555215449395446
3.58,0.3826586036805073,120.82076135998885,0,100,3.0,2,0.8578368586136406
3.585,0.39559233134833227,114.08960455830919,0,100,3.0,2,0.7245466249170137
3.59,0.4,106.64913868340399,0,100,3.0,2,0.5772106669980989
3.595,0.39559233134833227,99.5133886516984,0,100,3.0,2,0.43590868617224565
3.6,0.3826586036805073,93.41762112302557,0,100,3.0,2,0.31520041827773404
3.605,0.3620352400956416,88.73552998548763,0,100,3.0,2,0.22248574228688378
3.61,0.3350163137995362,85.51231074372309,0,100,3.0,2,0.15865961868758596
3.615,0.3032192790059296,83.56875812223683,0,100,3.0,3,0.12017342816310553
3.62,0.26842527782774417,82.62145439320233,0,100,3.0,3,0.10141493847925401
3.625,0.23241585813229,82.37856251014239,0,100,3.0,3,0.09660519822064134
3.63,0.19682662652900276,82.59484163283764,0,100,3.0,3,0.10088795312549786
3.635,0.16303381314489318,83.08955460734782,0,100,3.0,3,0.11068424965045191
3.64,0.13208310477486307,83.74068070754905,0,100,3.0,3,0.12357783579305041
3.645,0.10466285982723562,84.46928792877765,0,100,3.0,3,0.1380057015599534
3.65,0.08111733445917907,85.22350477295976,0,100,3.0,3,0.15294068857346052
3.655,0.06149084917398798,85.96643451289296,0,100,3.0,3,0.16765216857213783
3.66,0.04559141333598128,86.66877212581805,0,100,3.0,3,0.181559844075605
3.665,0.03306217087257399,87.30517905319509,0,100,3.0,3,0.19416196144940773
3.67,0.02345067901074276,87.85308057266846,0,100,3.0,3,0.20501149648848438
3.675,0.016268788896435526,88.29277433001748,0,100,3.0,3,0.21371830356470256
3.68,0.011039026374860051,88.60810467392501,0,100,3.0,3,0.2199624687905943
3.685,0.007326255555493689,88.78725860971063,0,100,3.0,3,0.22351007147941848
3.69,0.0047556414315231815,88.82343447722398,0,100,3.0,3,0.22422642529156403
3.695,0.0030193390635632803,88.71524935893723,0,100,3.0,3,0.22208414572152926
3.7,0.001874953127946523,88.46682050888896,0,100,3.0,3,0.21716476255225658
3.705,0.0011387927410965778,88.08750355955483,0,100,3.0,3,0.20965353583276897
3.71,0.0006765107634274089,87.59130736152696,0,100,3.0,3,0.19982786854508827
3.715,0.00039307957404427924,86.99603550232074,0,100,3.0,3,0.18804030697664825
3.72,0.00022338910511776318,86.32222756000658,0,100,3.0,3,0.17469757544567488
3.725,0.00012417073320013317,85.5919876730514,0,100,3.0,3,0.16023737966438428
3.73,6.750753468904987e-05,84.82779312309145,0,100,3.0,3,0.14510481431864264
3.735,3.5897234866245036e-05,84.05137136185039,0,100,3.0,3,0.12973012597723535
3.74,1.8670050400879738e-05,83.28272136314028,0,100,3.0,3,0.11450933392356996
3.745,9.497421874143672e-06,82.53933634560707,0,100,3.0,3,0.09978883852687265
3.75,4.725434140340885e-06,81.83566237670279,0,100,3.0,3,0.08585470052876804
3.755,2.299606063738814e-06,81.182803916743,0,100,3.0,3,0.07292681023253461
3.76,1.0945633976635486e-06,80.5884655936849,0,100,3.0,3,0.06115773452841389
3.765,5.095703414287532e-07,80.05710151400747,0,100,3.0,3,0.050635673544702386
3.77,2.3202944964797243e-07,79.59023060237372,0,100,3.0,3,0.04139070499749946
3.775,1.0333746954038608e-07,79.18686941841649,0,100,3.0,3,0.03340335482012856
3.78,4.501406988770349e-08,78.8440324631707,0,100,3.0,3,0.026614504221202092
3.785,0.0,78.55725338170798,0,100,3.0,3,0.020935710528870895
3.79,0.0,78.32108749492411,0,100,3.0,3,0.016259158315329
3.795,0.0,78.12956535899671,0,100,3.0,3,0.012466640772212169
3.8,0.0,77.97657717630197,0,100,3.0,3,0.009437171807959858
3.805,0.0,77.8561776684136,0,100,3.0,3,0.007053023136902843
3.81,0.0,77.76280956302601,0,100,3.0,3,0.005204149762891298
3.815,0.0,77.691450573779,0,100,3.0,3,0.0037911004708711636
3.82,0.0,77.63769342762592,0,100,3.0,3,0.0027266025272459243
3.825,0.0,77.59777116282646,0,100,3.0,3,0.00193606263022696
3.83,0.0,77.56854083334795,0,100,3.0,3,0.0013572442247119388
3.835,0.0,77.54743828840738,0,100,3.0,3,0.0009393720476708441
3.84,0.0,77.53241527216751,0,100,3.0,3,0.0006418865775744939
3.845,0.0,77.52186811576739,0,100,3.0,3,0.0004330319953938593
3.85,0.0,77.5145651206646,0,100,3.0,3,0.0002884182309821656
3.855,0.0,77.50957762524908,0,100,3.0,3,0.00018965594552632369
3.86,0.0,77.50621788411807,0,100,3.0,3,0.00012312641817965243
3.865,0.0,77.50398536808234,0,100,3.0,3,7.891817984831379e-05
3.87,0.0,77.50252194309775,0,100,3.0,3,4.993946728212328e-05
3.875,0.0,77.50157558979458,0,100,3.0,3,3.1199797912548924e-05
3.88,0.0,77.50097183394746,0,100,3.0,3,1.9244236583371374e-05
3.885,0.0,77.50059180959549,0,100,3.0,3,1.1719001890912862e-05
3.89,0.0,77.50035580575643,0,100,3.0,3,7.045658543122477e-06
3.895,0.0,77.50021119564977,0,100,3.0,3,4.182092074625142e-06
3.9,0.0,77.50012376504303,0,100,3.0,3,2.4507929312545853e-06
3.905,0.0,77.5000716064357,0,100,3.0,3,1.4179492217124898e-06
3.91,0.0,77.5000409022451,0,100,3.0,3,8.099454475996026e-07
3.915,0.0,77.50002306658317,0,100,3.0,3,4.5676402312820564e-07
3.92,0.0,77.50001284282068,0,100,3.0,3,2.5431328080599943e-07
3.925,0.0,77.50000705957572,0,100,3.0,3,1.3979357865789305e-07
3.93,0.0,77.50000383122638,0,100,3.0,3,7.586586890499915e-08
3.935,0.001684486749771458,77.50000205275943,0,100,3.0,3,4.064870153126664e-08
3.94,0.00456624331333666,77.50000108587373,0,100,3.0,3,2.1502450179036488e-08
3.945,0.011079731271581421,77.50000056710259,0,100,3.0,3,1.1229754235419834e-08
3.95,0.024064571490409,77.50000029240512,0,100,3.0,3,5.790200371974255e-09
3.955,0.046784906529573234,77.50000014885018,0,100,3.0,3,2.947528250077463e-09
3.96,0.08141644351188804,77.50000007480915,0,100,3.0,3,1.4813693242374057e-09
3.965,0.12682276464025305,77.50000003711942,0,100,3.0,3,7.350380282431535e-10
3.97,0.1768320708657512,77.50000001818397,0,100,3.0,3,3.600785764166797e-10
3.975,0.22070063230473494,77.50000000879461,0,100,3.0,3,1.7415078839956838e-10
3.98,0.24656126505113576,77.50000000419939,0,100,3.0,3,8.315629373208878e-11
3.985,0.24656126505724016,77.50000000197969,0,100,3.0,3,3.920169799337348e-11
3.99,0.220700632329898,77.5000000009214,0,100,3.0,3,1.8245611842064705e-11
3.995,0.17683207093748562,77.50000000042338,0,100,3.0,3,8.383841475841848e-12
4.0,0.12682276483597799,77.50000000019207,0,100,3.0,3,3.803443808528125e-12
4.005,0.08141644409447898,77.50000000008603,0,100,3.0,3,1.7036141474422362e-12
4.01,0.04678490952598309,77.50000000003804,0,100,3.0,3,7.533160014375399e-13
4.015,0.024064605020532023,77.50000000001661,0,100,3.0,3,3.2896018142715135e-13
4.02,0.011080171739334697,77.50000000000716,0,100,3.0,3,1.4182714408835267e-13
4.025,0.004571212771509492,77.50000000000304,0,100,3.0,3,6.022025562481641e-14
4.03,0.0017299316936037438,77.50000000000128,0,100,3.0,3,2.5326275730062977e-14
4.035,0.0008899431850697582,77.50000000000053,0,100,3.0,3,1.0411913355692557e-14
4.04,0.002128806368910263,77.50000000000021,0,100,3.0,3,4.221045955010496e-15
4.045,0.009309664818487698,77.50000000000009,0,100,3.0,3,1.6884183820041984e-15
4.05,0.03503263543368747,77.50000000000003,0,100,3.0,3,5.628061273347328e-16
4.055,0.10606267793605692,77.50000000000001,0,100,3.0,3,2.814030636673664e-16
4.06,0.25734927343160535,77.5,0,100,3.0,3,0.0
4.065,0.5003202479539708,77.5,0,100,3.0,3,0.0
4.07,0.7793067891790435,77.5,0,100,3.0,3,0.0
4.075,0.9720477407234077,77.50000295860458,1,100,3.0,3,5.8586229359585414e-08
4.08,0.967267334488097,77.50000607194025,0,100,3.0,3,1.2023644056189188e-07
4.085,0.7505869905515209,77.50001345273148,0,100,3.0,3,2.663907223742883e-07
4.09,0.4028369574773956,77.5000335974731,0,100,3.0,3,6.65296497145121e-07
4.095,0.04553881263121314,77.5000952391376,0,100,3.0,3,1.8859235166978084e-06
4.1,-0.189138810908105,77.50029396174413,0,100,3.0,3,5.821024636320949e-06
4.105,-0.22868072635956738,77.50093256649718,0,100,3.0,3,1.8466663310573943e-05
4.11,-0.14104670682394166,77.5029100232732,0,100,3.0,3,5.762422323172278e-05
4.115,-0.051158381651102834,77.50870714352278,0,100,3.0,3,0.00017241868361948757
4.12,-0.008206426846427752,77.5246562773498,0,100,3.0,3,0.00048824311583773423
4.125,0.005350271385530505,77.56565066778992,0,100,3.0,3,0.0013000132235628605
4.13,0.01084668799215426,77.66383990810884,0,100,3.0,3,0.0032443546160166505
4.135,0.016256859896386415,77.88262038992832,0,100,3.0,3,0.007576641384719209
4.14,0.02345021205790711,78.33545183145863,0,100,3.0,3,0.016543600622943112
4.145,0.0330621597308209,79.20484989603223,0,100,3.0,3,0.03375940388182632
4.15,0.04559141319943196,80.75054676642503,0,100,3.0,3,0.06436726270148578
4.155,0.06149084917446989,83.28992906835192,0,100,3.0,3,0.11465206075944404
4.16,0.08111733445924295,87.13394030962314,0,100,3.0,3,0.19077109524006222
4.165,0.1046628598272375,92.47378991953458,0,100,3.0,3,0.2965106914759323
4.17,0.1320831047748631,99.23955414039685,0,100,3.0,3,0.43048622060191777
4.175,0.16303381314489318,106.98246625036123,0,100,3.0,3,0.5838112128784402
4.18,0.19682662652900276,114.8494723141842,0,100,3.0,3,0.7395935111719643
4.185,0.23241585813229,121.70177762100317,0,100,3.0,3,0.8752827251683797
4.19,0.26842527782774417,126.37413972136399,0,100,3.0,3,0.9678047469577027
4.195,0.30321927900592993,128.0,0,100,3.0,3,1.0
4.2,0.3350163137995362,126.27952255457706,0,100,3.0,3,0.9659311396945952
4.205,0.3620352400956416,121.57753056726469,0,100,3.0,3,0.8728223874705879
4.21,0.3826586036805073,114.80819134861454,0,100,3.0,3,0.7387760663091989
4.215,0.39559233134833227,107.1570555269131,0,100,3.0,3,0.5872684262755069
4.22,0.4,99.75682326894582,0,100,3.0,3,0.44072917364249153
4.225,0.39559233134833227,93.437628290086,0,100,3.0,3,0.3155965998036831
4.23,0.3826586036805073,88.6210265304858,0,100,3.0,3,0.2202183471383328
4.235,0.3620352400956416,85.35521064557099,0,100,3.0,3,0.15554872565487113
4.24,0.3350163137995362,83.43676931776182,0,100,3.0,3,0.11755978847053099
4.245,0.3032192790059296,82.55078966163666,0,100,3.0,3,0.1000156368640922
4.25,0.26842527782774417,82.37990978446584,0,100,3.0,3,0.0966318769201156
4.255,0.23241585813229,82.66385053700031,0,100,3.0,3,0.10225446607921415
4.26,0.19682662652900276,83.21572546574443,0,100,3.0,3,0.11318268248998865
4.265,0.16303381314489318,83.91239791841033,0,100,3.0,3,0.12697817660218486
4.27,0.13208310477486307,84.67546318988141,0,100,3.0,3,0.14208837999765173
4.275,0.10466285982723562,85.45331282711224,0,100,3.0,3,0.1574913431111335
4.28,0.08111733445917907,86.20847512306442,0,100,3.0,3,0.17244505194186965
4.285,0.06149084917398798,86.91043201717129,0,100,3.0,3,0.1863451884588374
4.29,0.04559141333598128,87.53247338289246,0,100,3.0,3,0.19866283926519726
4.295,0.03306217087257399,88.0509704560115,0,100,3.0,3,0.20893010803983164
4.3,0.02345067901074276,88.44584531855038,0,100,3.0,3,0.21674941224852243
4.305,0.016268788896435526,88.70146811501344,0,100,3.0,3,0.22181124980224634
4.31,0.011039026374860051,88.80754517288817,0,100,3.0,3,0.2239117856017459
4.315,0.007326255555493689,88.75976200907462,0,100,3.0,3,0.22296558433811128
4.32,0.0047556414315231815,88.56006114259078,0,100,3.0,3,0.21901111173447094
4.325,0.0030193390635632803,88.21650740561338,0,100,3.0,3,0.2122080674378888
4.33,0.001874953127946523,87.74274663539316,0,100,3.0,3,0.20282666604738933
4.335,0.0011387927410965778,87.15710631316468,0,100,3.0,3,0.19122982798345892
4.34,0.0006765107634274089,86.48142019658886,0,100,3.0,3,0.17784990488294766
4.345,0.00039307957404427924,85.73968176817759,0,100,3.0,3,0.16316201521143742
4.35,0.00022338910511776318,84.95664182706211,0,100,3.0,3,0.14765627380321017
4.355,0.00012417073320013317,84.15646337911748,0,100,3.0,3,0.13181115602212837
4.36,6.750753468904987e-05,83.36153323734182,0,100,3.0,3,0.11606996509587757
4.365,3.5897234866245036e-05,82.59150690834363,0,100,3.0,3,0.10082191897710163
4.37,1.8670050400879738e-05,81.86263483969579,0,100,3.0,3,0.08638880870684726
4.375,9.497421874143672e-06,81.18738775969096,0,100,3.0,3,0.07301757939982106
4.38,4.725434140340885e-06,80.57437030471705,0,100,3.0,3,0.06087861989538713
4.385,2.299606063738814e-06,80.02848839135753,0,100,3.0,3,0.0500690770565847
4.39,1.0945633976635486e-06,79.55131885537037,0,100,3.0,3,0.040620175353868686
4.395,5.095703414287532e-07,79.14162062723075,0,100,3.0,3,0.03250733915308417
4.4,2.3202944964797243e-07,78.79592494440962,0,100,3.0,3,0.025661880087319212
4.405,1.0333746954038608e-07,78.50914673365939,0,100,3.0,3,0.019983103636819648
4.41,4.501406988770349e-08,78.2751686651716,0,100,3.0,3,0.015349874557853577
4.415,0.0,78.08736155817212,0,100,3.0,3,0.01163092194400237
4.42,0.0,77.93901792246764,0,100,3.0,3,0.008693424207280032
4.425,0.0,77.82368785280029,0,100,3.0,3,0.0064096604514908995
4.43,0.0,77.73541708275205,0,100,3.0,3,0.004661724410931694
4.435,0.0,77.66889506741865,0,100,3.0,3,0.0033444567805672436
4.44,0.0,77.61952627338034,0,100,3.0,3,0.0023668568986206853
4.445,0.0,77.583440560487,0,100,3.0,3,0.0016522883264753596
4.45,0.0,77.55745905335685,0,100,3.0,3,0.0011378030367693284
4.455,0.0,77.53903077198105,0,100,3.0,3,0.0007728865738821098
4.46,0.0,77.52615310372167,0,100,3.0,3,0.0005178832420132368
4.465,0.0,77.51728648731061,0,100,3.0,3,0.00034230667941809016
4.47,0.0,77.51127087641395,0,100,3.0,3,0.00022318567156327782
4.475,0.0,77.50724896569103,0,100,3.0,3,0.0001435438750699704
4.48,0.0,77.50459898318086,0,100,3.0,3,9.10689738783267e-05
4.485,0.0,77.50287816056776,0,100,3.0,3,5.699327856952082e-05
4.49,0.0,77.50177678810005,0,100,3.0,3,3.518392277317274e-05
4.495,0.0,77.50108199106754,0,100,3.0,3,2.1425565693793897e-05
4.5,0.0,77.5006499487824,0,100,3.0,3,1.2870272918730328e-05
4.505,0.0,77.50038512526845,0,100,3.0,3,7.626242939628661e-06
4.51,0.0,77.50022510871771,0,100,3.0,3,4.457598370580323e-06
4.515,0.0,77.5001297926306,0,100,3.0,3,2.5701511010358426e-06
4.52,0.0,77.50007382019291,0,100,3.0,3,1.4617859982094934e-06
4.525,0.0,77.50004141596045,0,100,3.0,3,8.201180287752583e-07
4.53,0.0,77.50002292069169,0,100,3.0,3,4.5387508299598373e-07
4.535,0.0,77.50001251281783,0,100,3.0,3,2.477785709414651e-07
4.54,0.0,77.50000673829383,0,100,3.0,3,1.334315610696793e-07
4.545,0.001684486749771458,77.50000357941612,0,100,3.0,3,7.087952705732466e-08
4.55,0.00456624331333666,77.50000187560704,0,100,3.0,3,3.714073347221682e-08
4.555,0.011079731271581421,77.50000096948018,0,100,3.0,3,1.919762739096696e-08
4.56,0.024064571490409,77.5000004943146,0,100,3.0,3,9.788408024718646e-09
4.565,0.046784906529573234,77.5000002486196,0,100,3.0,3,4.923160387610695e-09
4.57,0.08141644351188804,77.50000012334874,0,100,3.0,3,2.442549326714119e-09
4.575,0.12682276464025305,77.50000006036726,0,100,3.0,3,1.1953912095609352e-09
4.58,0.1768320708657512,77.5000000291431,0,100,3.0,3,5.770909910556793e-10
4.585,0.22070063230473494,77.50000001387833,0,100,3.0,3,2.748185133806137e-10
4.59,0.24656126505113576,77.50000000651939,0,100,3.0,3,1.290967508911047e-10
4.595,0.24656126505724016,77.50000000302094,0,100,3.0,3,5.982066327440875e-11
4.6,0.220700632329898,77.50000000138085,0,100,3.0,3,2.7343654293494327e-11
4.605,0.17683207093748562,77.5000000006226,0,100,3.0,3,1.2328831025394658e-11
4.61,0.12682276483597799,77.50000000027693,0,100,3.0,3,5.4837015016859696e-12
4.615,0.08141644409447898,77.50000000012149,0,100,3.0,3,2.4057147912923155e-12
4.62,0.04678490952598309,77.50000000005258,0,100,3.0,3,1.0411913355692557e-12
4.625,0.024064605020532023,77.50000000002245,0,100,3.0,3,4.446168405944389e-13
4.63,0.011080171739334697,77.50000000000945,0,100,3.0,3,1.8713303733879865e-13
4.635,0.004571212771509492,77.50000000000392,0,100,3.0,3,7.766724557219314e-14
4.64,0.0017299316936037438,77.5000000000016,0,100,3.0,3,3.179854619441241e-14
4.645,0.0008899431850697582,77.50000000000065,0,100,3.0,3,1.2944540928698855e-14
4.65,0.002128806368910263,77.50000000000026,0,100,3.0,3,5.065255146012595e-15
4.655,0.009309664818487698,77.5000000000001,0,100,3.0,3,1.969821445671565e-15
4.66,0.03503263543368747,77.50000000000004,0,100,3.0,3,8.442091910020992e-16
4.665,0.10606267793605692,77.50000000000001,0,100,3.0,3,2.814030636673664e-16
4.67,0.25734927343160535,77.5,0,100,3.0,3,0.0
4.675,0.5003202479539708,77.5,0,100,3.0,3,0.0
4.68,0.7793067891790435,77.5,0,100,3.0,3,0.0
4.685,0.9720477407234077,77.50000297456887,1,100,3.0,3,5.890235390306951e-08
4.69,0.967267334488097,77.5000062222234,0,100,3.0,3,1.2321234465270038e-07
4.695,0.7505869905515209,77.50001412492644,0,100,3.0,3,2.797015136113962e-07
4.7,0.4028369574773956,77.50003641983405,0,100,3.0,3,7.211848326008267e-07
4.705,0.04553881263121314,77.50010706994215,0,100,3.0,3,2.1201968741812684e-06
4.71,-0.189138810908105,77.50034212581059,0,100,3.0,3,6.774768526539258e-06
4.715,-0.22868072635956738,77.5011174452075,0,100,3.0,3,2.212762787125219e-05
4.72,-0.14104670682394166,77.50356855475515,0,100,3.0,3,7.066445059699122e-05
4.725,-0.051158381651102834,77.51086963859841,0,100,3.0,3,0.00021524036828529712
4.73,-0.008206426846427752,77.53118939740251,0,100,3.0,3,0.0006176118297527509
4.735,0.005350271385530505,77.5838025515997,0,100,3.0,3,0.001659456467320855
4.74,0.01084668799215426,77.71022945889035,0,100,3.0,3,0.004162959581987194
4.745,0.016256859896386415,77.99167912939262,0,100,3.0,3,0.009736220384012324
4.75,0.02345021205790711,78.5712635147241,0,100,3.0,3,0.021213138905427614
4.755,0.0330621597308209,79.67352667251653,0,100,3.0,3,0.043040132129040204
4.76,0.04559141319943196,81.60576661164305,0,100,3.0,3,0.0813023091414465
4.765,0.06149084917446989,84.71992636449431,0,100,3.0,3,0.1429688389008775
4.77,0.08111733445924295,89.3182428616724,0,100,3.0,3,0.23402461112222578
4.775,0.1046628598272375,95.50702080839233,0,100,3.0,3,0.3565746694731154
4.78,0.1320831047748631,103.03863252038366,0,100,3.0,3,0.5057154954531418
4.785,0.16303381314489318,111.21541053963608,0,100,3.0,3,0.6676318918739819
4.79,0.19682662652900276,118.93384620768896,0,100,3.0,3,0.8204722021324546
4.795,0.23241585813229,124.90436853284245,0,100,3.0,3,0.9387003669869793
4.8,0.26842527782774417,128.0,0,100,3.0,3,1.0
4.805,0.30321927900592993,127.60820170828875,0,100,3.0,3,0.9922416179859158
4.81,0.3350163137995362,123.83638395652297,0,100,3.0,3,0.9175521575549102
4.815,0.3620352400956416,117.47746650268306,0,100,3.0,3,0.7916330000531299
4.82,0.3826586036805073,109.75136675254107,0,100,3.0,4,0.6386409257928926
4.825,0.39559233134833227,101.93854206075709,0,100,3.0,4,0.48393152595558586
4.83,0.4,95.05631336589965,0,100,3.0,4,0.34764976962177535
4.835,0.39559233134833227,89.68561676959516,0,100,3.0,4,0.24129934197218134
4.84,0.3826586036805073,85.97066202095813,0,100,3.0,4,0.1677358816031313
4.845,0.3620352400956416,83.73963639863871,0,100,3.0,4,0.1235571564086873
4.85,0.3350163137995362,82.66506980421391,0,100,3.0,4,0.10227860998443394
4.855,0.3032192790059296,82.39769679500384,0,100,3.0,4,0.09698409495057106
4.86,0.26842527782774417,82.64426327774376,0,100,3.0,4,0.1018665995592824
4.865,0.23241585813229,83.1925217979524,0,100,3.0,4,0.1127232039198494
4.87,0.19682662652900276,83.90296821666257,0,100,3.0,4,0.12679144983490243
4.875,0.16303381314489318,84.68768921939152,0,100,3.0,4,0.1423304795919112
4.88,0.13208310477486307,85.48964936969762,0,100,3.0,4,0.15821087860787358
4.885,0.10466285982723562,86.2679527426403,0,100,3.0,4,0.1736228265869367
4.89,0.08111733445917907,86.9895179409416,0,100,3.0,4,0.18791124635527912
4.895,0.06149084917398798,87.62548740634166,0,100,3.0,4,0.20050470111567648
4.9,0.04559141333598128,88.15044219056064,0,100,3.0,4,0.21089984535763642
4.905,0.03306217087257399,88.54297359153537,0,100,3.0,4,0.21867274438683904
4.91,0.02345067901074276,88.78671463080131,0,100,3.0,4,0.22349929961982798
4.915,0.016268788896435526,88.87133001885871,0,100,3.0,4,0.2251748518585884
4.92,0.011039026374860051,88.79319881643394,0,100,3.0,4,0.2236276993353256
4.925,0.007326255555493689,88.55565877970061,0,100,3.0,4,0.2189239362316952
4.93,0.0047556414315231815,88.168766505288,0,100,3.0,4,0.21126270307501
4.935,0.0030193390635632803,87.64859039083257,0,100,3.0,4,0.20096218595708054
4.94,0.001874953127946523,87.01610373171393,0,100,3.0,4,0.18843769765770152
4.945,0.0011387927410965778,86.29578368219154,0,100,3.0,4,0.1741739343008226
4.95,0.0006765107634274089,85.51404620349248,0,100,3.0,4,0.15869398422757394
4.955,0.00039307957404427924,84.69765577968232,0,100,3.0,4,0.1425278372214321
4.96,0.00022338910511776318,83.87224160225274,0,100,3.0,4,0.12618300202480678
4.965,0.00012417073320013317,83.06103109428663,0,100,3.0,4,0.1101194276096363
4.97,6.750753468904987e-05,82.28388071988795,0,100,3.0,4,0.09473031128490983
4.975,3.5897234866245036e-05,81.5566476806962,0,100,3.0,4,0.08032965704348914
4.98,1.8670050400879738e-05,80.89090926252491,0,100,3.0,4,0.06714671806980028
4.985,9.497421874143672e-06,80.29400369189199,0,100,3.0,4,0.05532680578003935
4.99,4.725434140340885e-06,79.76934075119777,0,100,3.0,4,0.0449374406177777
4.995,2.299606063738814e-06,79.316914026084,0,100,3.0,4,0.03597849556601993
5.0,1.0945633976635486e-06,78.93393997639421,0,100,3.0,4,0.02839485101770721
5.005,5.095703414287532e-07,78.615551171725,0,100,3.0,4,0.02209012221237628
5.01,2.3202944964797243e-07,78.35548017624241,0,100,3.0,4,0.016940201509750674
5.015,1.0333746954038608e-07,78.14668432330618,0,100,3.0,4,0.012805630164478717
5.02,4.501406988770349e-08,77.98187749628777,0,100,3.0,4,0.009542128639361692
5.025,0.0,77.85395079052064,0,100,3.0,4,0.007008926544963209
5.03,0.0,77.7562778414269,0,100,3.0,4,0.005074808741126601
5.035,0.0,77.68291156154915,0,100,3.0,4,0.003622011119785098
5.04,0.0,77.62868655855223,0,100,3.0,4,0.002548248684202616
5.045,0.0,77.58924566817144,0,100,3.0,4,0.001767240953889971
5.05,0.0,77.56101028213665,0,100,3.0,4,0.0012081243987455367
5.055,0.0,77.5411131592637,0,100,3.0,4,0.0008141219656178606
5.06,0.0,77.52730993064118,0,100,3.0,4,0.0005407907057659567
5.065,0.0,77.51788225456453,0,100,3.0,4,0.0003541040507826946
5.07,0.0,77.51154212778609,0,100,3.0,4,0.00022855698586309104
5.075,0.0,77.50734364057384,0,100,3.0,4,0.00014541862522448112
5.08,0.0,77.5046057342584,0,100,3.0,4,9.120265858227597e-05
5.085,0.0,77.50284739861534,0,100,3.0,4,5.638413099691746e-05
5.09,0.0,77.5017352401662,0,100,3.0,4,3.436119140986301e-05
5.095,0.0,77.50104239625774,0,100,3.0,4,2.0641510054353e-05
5.1,0.0,77.50061725984372,0,100,3.0,4,1.2222967202410697e-05
5.105,0.0,77.50036030072403,0,100,3.0,4,7.134667802491473e-06
5.11,0.0,77.50020731187256,0,100,3.0,4,4.1051855952004966e-06
5.115,0.0,77.50011758316428,0,100,3.0,4,2.3283794907438456e-06
5.12,0.0,77.50006573974899,0,100,3.0,4,1.3017772077280752e-06
5.125,0.0,77.50003623037833,0,100,3.0,4,7.174332342113456e-07
5.13,0.0,77.50001968247125,0,100,3.0,4,3.8975190589121443e-07
5.135,0.0,77.5000105401869,0,100,3.0,4,2.0871657240361558e-07
5.14,0.001684486749771458,77.50000556389502,0,100,3.0,4,1.1017613892723638e-07
5.145,0.00456624331333666,77.50000289515268,0,100,3.0,4,5.732975595681565e-08
5.15,0.011079731271581421,77.50000148499826,0,100,3.0,4,2.9405906233667265e-08
5.155,0.024064571490409,77.50000075083126,0,100,3.0,4,1.486794578322768e-08
5.16,0.046784906529573234,77.50000037421457,0,100,3.0,4,7.410189408180333e-09
5.165,0.08141644351188804,77.50000018384885,0,100,3.0,4,3.6405713735172804e-09
5.17,0.12682276464025305,77.50000008903548,0,100,3.0,4,1.7630788358411057e-09
5.175,0.1768320708657512,77.50000004250376,0,100,3.0,4,8.416585536330182e-10
5.18,0.22070063230473494,77.50000002000107,0,100,3.0,4,3.9606074195863487e-10
5.185,0.24656126505113576,77.50000000927771,0,100,3.0,4,1.837170855489405e-10
5.19,0.24656126505724016,77.5000000042422,0,100,3.0,4,8.400387975985489e-11
5.195,0.220700632329898,77.50000000191207,0,100,3.0,4,3.786278221644415e-11
5.2,0.17683207093748562,77.50000000084952,0,100,3.0,4,1.6822275146035165e-11
5.205,0.12682276483597799,77.50000000037205,0,100,3.0,4,7.36741360987532e-12
5.21,0.08141644409447898,77.50000000016063,0,100,3.0,4,3.1806988286322427e-12
5.215,0.04678490952598309,77.50000000006835,0,100,3.0,4,1.3535487362400324e-12
5.22,0.024064605020532023,77.50000000002868,0,100,3.0,4,5.678713824807455e-13
5.225,0.011080171739334697,77.50000000001185,0,100,3.0,4,2.346901550985836e-13
5.23,0.004571212771509492,77.50000000000483,0,100,3.0,4,9.567704164690458e-14
5.235,0.0017299316936037438,77.50000000000195,0,100,3.0,4,3.85522197224292e-14
5.24,0.0008899431850697582,77.50000000000077,0,100,3.0,4,1.5195765438037787e-14
5.245,0.002128806368910263,77.5000000000003,0,100,3.0,4,5.909464337014694e-15
5.25,0.009309664818487698,77.50000000000011,0,100,3.0,4,2.2512245093389313e-15
5.255,0.03503263543368747,77.50000000000004,0,100,3.0,4,8.442091910020992e-16
5.26,0.10606267793605692,77.50000000000001,0,100,3.0,4,2.814030636673664e-16
5.265,0.25734927343160535,77.5,0,100,3.0,4,0.0
5.27,0.5003202479539708,77.5,0,100,3.0,4,0.0
5.275,0.7793067891790435,77.5,0,100,3.0,4,0.0
5.28,0.9720477407234077,77.5000029632167,1,100,3.0,4,5.867755844249559e-08
5.285,0.967267334488097,77.5000057751259,0,100,3.0,4,1.1435892869854743e-07
5.29,0.7505869905515209,77.50001199175011,0,100,3.0,4,2.3746039829293835e-07
5.295,0.4028369574773956,77.50002751992237,0,100,3.0,4,5.449489578094841e-07
5.3,0.04553881263121314,77.50007070106201,0,100,3.0,4,1.4000210299936142e-06
5.305,-0.189138810908105,77.50019813608883,0,100,3.0,4,3.9234869074568835e-06
5.31,-0.22868072635956738,77.50057818202339,0,100,3.0,4,1.144914897800431e-05
5.315,-0.14104670682394166,77.50168586741358,0,100,3.0,4,3.3383513140290576e-05
5.32,-0.051158381651102834,77.5047820690373,0,100,3.0,4,9.469443638226498e-05
5.325,-0.008206426846427752,77.51300007149011,0,100,3.0,4,0.00025742715822002987
5.33,0.005350271385530505,77.53360476810788,0,100,3.0,4,0.0006654409526312507
5.335,0.01084668799215426,77.58226524038565,0,100,3.0,4,0.0016290146611020258
5.34,0.016256859896386415,77.69031446440876,0,100,3.0,4,0.0037686032556189615
5.345,0.02345021205790711,77.9156022259755,0,100,3.0,4,0.008229747049019897
5.35,0.0330621597308209,78.35618586329275,0,100,3.0,4,0.016954175510747547
5.355,0.04559141319943196,79.16338774532016,0,100,3.0,4,0.03293837119445871
5.36,0.06149084917446989,80.54697677121837,0,100,3.0,4,0.06033617368749244
5.365,0.08111733445924295,82.76193692058763,0,100,3.0,4,0.10419677070470554
5.37,0.1046628598272375,86.06632239589023,0,100,3.0,4,0.1696301464532718
5.375,0.1320831047748631,90.64618514458124,0,100,3.0,4,0.2603204979124998
5.38,0.16303381314489318,96.51755276989908,0,100,3.0,4,0.37658520336433826
5.385,0.19682662652900276,103.43337691048391,0,100,3.0,4,0.5135322160491864
5.39,0.23241585813229,110.83650493935875,0,100,3.0,4,0.6601288106803712
5.395,0.26842527782774417,117.89739331976155,0,100,3.0,4,0.7999483825695356
5.4,0.30321927900592993,123.65167505875493,0,100,3.0,4,0.9138945556189095
5.405,0.3350163137995362,127.21320863734229,0,100,3.0,4,0.984419973016679
5.41,0.3620352400956416,128.0,0,100,3.0,4,1.0
5.415,0.3826586036805073,125.89439684457138,0,100,3.0,4,0.9583048880113143
5.42,0.39559233134833227,121.27734577653152,0,100,3.0,4,0.8668781341887429
5.425,0.4,114.92344206600626,0,100,3.0,4,0.7410582587327972
5.43,0.39559233134833227,107.79691013430045,0,100,3.0,4,0.5999388145406029
5.435,0.3826586036805073,100.82266697370292,0,100,3.0,4,0.4618349895782757
5.44,0.3620352400956416,94.70661957252793,0,100,3.0,4,0.34072514005005794
5.445,0.3350163137995362,89.84941816370699,0,100,3.0,4,0.2445429339347918
5.45,0.3032192790059296,86.35636014773148,0,100,3.0,4,0.17537346827191047
5.455,0.26842527782774417,84.11343960508452,0,100,3.0,4,0.13095920010068363
5.46,0.23241585813229,82.88714208485197,0,100,3.0,4,0.10667608088815789
5.465,0.19682662652900276,82.41251134980615,0,100,3.0,4,0.09727745247140895
5.47,0.16303381314489318,82.45099200146763,0,100,3.0,4,0.09803944557361635
5.475,0.13208310477486307,82.8162323398421,0,100,3.0,4,0.10527192752162579
5.48,0.10466285982723562,83.37622289337803,0,100,3.0,4,0.11636084937382234
5.485,0.08111733445917907,84.04294535759365,0,100,3.0,4,0.12956327440779508
5.49,0.06149084917398798,84.75858818303747,0,100,3.0,4,0.14373441946608861
5.495,0.04559141333598128,85.4835482932493,0,100,3.0,4,0.1580900652128574
5.5,0.03306217087257399,86.18809782060332,0,100,3.0,4,0.17204154100204588
5.505,0.02345067901074276,86.84758514710228,0,100,3.0,4,0.18510069598222334
5.51,0.016268788896435526,87.44024089333156,0,100,3.0,4,0.19683645333329827
5.515,0.011039026374860051,87.94659384418057,0,100,3.0,4,0.2068632444392192
5.52,0.007326255555493689,88.34973107038635,0,100,3.0,4,0.2148461598096308
5.525,0.0047556414315231815,88.6359020647416,0,100,3.0,4,0.22051291217310098
5.53,0.0030193390635632803,88.79516897178708,0,100,3.0,4,0.2236667123126154
5.535,0.001874953127946523,88.8219336995392,0,100,3.0,4,0.22419670692156835
5.54,0.0011387927410965778,88.71524935893723,0,100,3.0,4,0.22208414572152926
5.545,0.0006765107634274089,88.47887116054635,0,100,3.0,4,0.21740338931774947
5.55,0.00039307957404427924,88.12103561282021,0,100,3.0,4,0.21031753688752888
5.555,0.00022338910511776318,87.65398370746026,0,100,3.0,4,0.20106898430614367
5.56,0.00012417073320013317,87.09326584850498,0,100,3.0,4,0.18996566036643533
5.565,6.750753468904987e-05,86.45688333992547,0,100,3.0,4,0.1773640265331776
5.57,3.5897234866245036e-05,85.76433238765725,0,100,3.0,4,0.16365014629024255
5.575,1.8670050400879738e-05,85.03562111892845,0,100,3.0,4,0.14922022017680092
5.58,9.497421874143672e-06,84.29032800874867,0,100,3.0,4,0.13446194076730048
5.585,4.725434140340885e-06,83.54676196678626,0,100,3.0,4,0.11973786072844086
5.59,2.299606063738814e-06,82.82127143199685,0,100,3.0,4,0.10537171152469006
5.595,1.0945633976635486e-06,82.12773383300559,0,100,3.0,4,0.09163829372288303
5.6,5.095703414287532e-07,81.47723957849853,0,100,3.0,4,0.07875721937620844
5.605,2.3202944964797243e-07,80.8779681711764,0,100,3.0,4,0.06689045883517634
5.61,1.0333746954038608e-07,80.33523965205595,0,100,3.0,4,0.056143359446652406
5.615,4.501406988770349e-08,79.85171351657259,0,100,3.0,4,0.04656858448658589
5.62,0.0,79.4277001310269,0,100,3.0,4,0.03817227982231477
5.625,0.0,79.06154663501417,0,100,3.0,4,0.030921715544834995
5.63,0.0,78.75006000694432,0,100,3.0,4,0.024753663503847993
5.635,0.0,78.48893371593002,0,100,3.0,4,0.019582845860000333
5.64,0.0,78.27315029611424,0,100,3.0,4,0.015309906853747291
5.645,0.0,78.09733930154225,0,100,3.0,4,0.01182850102063859
5.65,0.0,77.95607752728124,0,100,3.0,4,0.009031238163984908
5.655,0.0,77.84412535886558,0,100,3.0,4,0.006814363541892725
5.66,0.0,77.75659908390251,0,100,3.0,4,0.005081169978267619
5.665,0.0,77.68908363648295,0,100,3.0,4,0.0037442304254049156
5.67,0.0,77.63769342762592,0,100,3.0,4,0.0027266025272459243
5.675,0.0,77.59909069997673,0,100,3.0,4,0.001962192078747081
5.68,0.0,77.57047141662967,0,100,3.0,4,0.001395473596627178
5.685,0.0,77.54952831210755,0,100,3.0,4,0.0009807586555951383
5.69,0.0,77.53439968565549,0,100,3.0,4,0.0006811818941680531
5.695,0.0,77.52361107934098,0,100,3.0,4,0.0004675461255639747
5.7,0.0,77.51601539400482,0,100,3.0,4,0.0003171365149470229
5.705,0.0,77.5107354396466,0,100,3.0,4,0.00021258296329891224
5.71,0.0,77.5071115204345,0,100,3.0,4,0.00014082218682190587
5.715,0.0,77.50465549120143,0,100,3.0,4,9.218794458283044e-05
5.72,0.0,77.50301181976099,0,100,3.0,4,5.963999526703348e-05
5.725,0.0,77.50192554142846,0,100,3.0,4,3.812953323688924e-05
5.73,0.0,77.50121657020485,0,100,3.0,4,2.409049910586801e-05
5.735,0.0,77.50075959466382,0,100,3.0,4,1.5041478491465937e-05
5.74,0.0,77.5004686914755,0,100,3.0,4,9.281019316912903e-06
5.745,0.0,77.50028579368261,0,100,3.0,4,5.659280843712965e-06
5.75,0.0,77.50017221802912,0,100,3.0,4,3.410258002396845e-06
5.755,0.0,77.50010255693317,0,100,3.0,4,2.0308303598341972e-06
5.76,0.0,77.50006035480573,0,100,3.0,4,1.1951446678344072e-06
5.765,0.0,77.50003510096914,0,100,3.0,4,6.950686958976569e-07
5.77,0.0,77.50002017375671,0,100,3.0,4,3.9948033088309094e-07
5.775,0.0,77.5000114581597,0,100,3.0,4,2.2689425157628954e-07
5.78,0.0,77.50000643136833,0,100,3.0,4,1.2735382839390794e-07
5.785,0.0,77.50000356740416,0,100,3.0,4,7.06416666153108e-08
5.79,0.0,77.50000195551733,0,100,3.0,4,3.8723115521591324e-08
5.795,0.001684486749771458,77.50000105933042,0,100,3.0,4,2.097683990865731e-08
5.8,0.00456624331333666,77.50000056710259,0,100,3.0,4,1.1229754235419834e-08
5.805,0.011079731271581421,77.50000030002141,0,100,3.0,4,5.941018062543717e-09
5.81,0.024064571490409,77.50000015685677,0,100,3.0,4,3.106074675790548e-09
5.815,0.046784906529573234,77.50000008104286,0,100,3.0,4,1.6048090293396052e-09
5.82,0.08141644351188804,77.50000004137964,0,100,3.0,4,8.193987270877385e-10
5.825,0.12682276464025305,77.50000002087944,0,100,3.0,4,4.1345426532391476e-10
5.83,0.1768320708657512,77.50000001041145,0,100,3.0,4,2.0616742196832298e-10
5.835,0.22070063230473494,77.50000000513056,0,100,3.0,4,1.0159522947889297e-10
5.84,0.24656126505113576,77.5000000024985,0,100,3.0,4,4.947516104174169e-11
5.845,0.24656126505724016,77.50000000120241,0,100,3.0,4,2.3810076023023207e-11
5.85,0.220700632329898,77.50000000057186,0,100,3.0,4,1.1323940685038491e-11
5.855,0.17683207093748562,77.50000000026877,0,100,3.0,4,5.322176143140901e-12
5.86,0.12682276483597799,77.50000000012483,0,100,3.0,4,2.4718445112541467e-12
5.865,0.08141644409447898,77.5000000000573,0,100,3.0,4,1.1346171527068214e-12
5.87,0.04678490952598309,77.50000000002599,0,100,3.0,4,5.146862034476132e-13
5.875,0.024064605020532023,77.50000000001165,0,100,3.0,4,2.3075051220724046e-13
5.88,0.011080171739334697,77.50000000000516,0,100,3.0,4,1.0214931211125401e-13
5.885,0.004571212771509492,77.50000000000226,0,100,3.0,4,4.474308712311126e-14
5.89,0.0017299316936037438,77.50000000000098,0,100,3.0,4,1.9416811393048284e-14
5.895,0.0008899431850697582,77.50000000000041,0,100,3.0,4,8.160688846353625e-15
5.9,0.002128806368910263,77.50000000000017,0,100,3.0,4,3.3768367640083968e-15
5.905,0.009309664818487698,77.50000000000007,0,100,3.0,4,1.4070153183368321e-15
5.91,0.03503263543368747,77.50000000000003,0,100,3.0,4,5.628061273347328e-16
5.915,0.10606267793605692,77.50000000000001,0,100,3.0,4,2.814030636673664e-16
5.92,0.25734927343160535,77.5,0,100,3.0,4,0.0
5.925,0.5003202479539708,77.5,0,100,3.0,4,0.0
5.93,0.7793067891790435,77.5,0,100,3.0,4,0.0
5.935,0.9720477407234077,77.5000029632167,1,100,3.0,4,5.867755844249559e-08
5.94,0.967267334488097,77.50000655696266,0,100,3.0,4,1.298408447513397e-07
5.945,0.7505869905515209,77.50001601034491,0,100,3.0,4,3.170365328240241e-07
5.95,0.4028369574773956,77.50004544101657,0,100,3.0,4,8.99822110244317e-07
5.955,0.04553881263121314,77.50014869178591,0,100,3.0,4,2.9443918001921736e-06
5.96,-0.189138810908105,77.50052429040315,0,100,3.0,4,1.0381988181169357e-05
5.965,-0.22868072635956738,77.50185613108916,0,100,3.0,4,3.675507107238833e-05
5.97,-0.14104670682394166,77.50631081326587,0,100,3.0,4,0.0001249665993241544
5.975,-0.051158381651102834,77.52014975748361,0,100,3.0,4,0.000399005098685312
5.98,-0.008206426846427752,77.55979081098688,0,100,3.0,4,0.001183976455185793
5.985,0.005350271385530505,77.66409531549888,0,100,3.0,4,0.003249412188096704
5.99,0.01084668799215426,77.9156022259755,0,100,3.0,4,0.008229747049019897
5.995,0.016256859896386415,78.47030047466006,0,100,3.0,4,0.019213870785347805
6.0,0.02345021205790711,79.58710350394266,0,100,3.0,4,0.04132878225629024
6.005,0.0330621597308209,81.63493153707977,0,100,3.0,4,0.0818798324174211
6.01,0.04559141319943196,85.04422605737544,0,100,3.0,4,0.14939061499753345
6.015,0.06149084917446989,90.17506082931254,0,100,3.0,4,0.2509913035507434
6.02,0.08111733445924295,97.10922237651356,0,100,3.0,4,0.38830143319828825
6.025,0.1046628598272375,105.4348054683108,0,100,3.0,5,0.5531644647190257
6.03,0.1320831047748631,114.14543827115567,0,100,3.0,5,0.7256522429931815
6.035,0.16303381314489318,121.77068305917047,0,100,3.0,5,0.8766471892905042
6.04,0.19682662652900276,126.76053431716763,0,100,3.0,5,0.9754561250924282
6.045,0.23241585813229,128.0,0,100,3.0,5,1.0
6.05,0.26842527782774417,125.22328551958378,0,100,3.0,5,0.9450155548432432
6.055,0.30321927900592993,119.11876940758584,0,100,3.0,5,0.8241340476749672
6.06,0.3350163137995362,111.06952938464173,0,100,3.0,5,0.6647431561315194
6.065,0.3620352400956416,102.6640997429807,0,100,3.0,5,0.4982990048114989
6.07,0.3826586036805073,95.21435532988534,0,100,3.0,5,0.35077931346307595
6.075,0.39559233134833227,89.47593013908856,0,100,3.0,5,0.23714713146710023
6.08,0.4,85.62914672129747,0,100,3.0,5,0.16097320240193017
6.085,0.39559233134833227,83.44602405169233,0,100,3.0,5,0.11774305052856106
6.09,0.3826586036805073,82.51418034326288,0,100,3.0,5,0.09929069986659167
6.095,0.3620352400956416,82.41498968684074,0,100,3.0,5,0.09732652845229191
6.1,0.3350163137995362,82.8162323398421,0,100,3.0,5,0.10527192752162579
6.105,0.3032192790059296,83.49152410841626,0,100,3.0,5,0.11864404175081698
6.11,0.26842527782774417,84.29989131592993,0,100,3.0,5,0.1346513131867312
6.115,0.23241585813229,85.15492185345755,0,100,3.0,5,0.15158261095955547
6.12,0.19682662652900276,85.99944257654766,0,100,3.0,5,0.16830579359500328
6.125,0.16303381314489318,86.7900828794801,0,100,3.0,5,0.18396203721742763
6.13,0.13208310477486307,87.49011325161499,0,100,3.0,5,0.19782402478445515
6.135,0.10466285982723562,88.06741819367026,0,100,3.0,5,0.20925580581525274
6.14,0.08111733445917907,88.49500148369576,0,100,3.0,5,0.21772280165734176
6.145,0.06149084917398798,88.7523881564347,0,100,3.0,5,0.22281956745415257
6.15,0.04559141333598128,88.82702867957946,0,100,3.0,5,0.22429759761543477
6.155,0.03306217087257399,88.71524935893724,0,100,3.0,5,0.22208414572152957
6.16,0.02345067901074276,88.42253532440515,0,100,3.0,5,0.2162878282060425
6.165,0.016268788896435526,87.96308039899121,0,100,3.0,5,0.20718971087111307
6.17,0.011039026374860051,87.35864540324948,0,100,3.0,5,0.1952207010544452
6.175,0.007326255555493689,86.6368502846674,0,100,3.0,5,0.1809277284092555
6.18,0.0047556414315231815,85.82908607103306,0,100,3.0,5,0.16493239744619922
6.185,0.0030193390635632803,84.96826586573214,0,100,3.0,5,0.14788645278677495
6.19,0.001874953127946523,84.08663760203554,0,100,3.0,5,0.13042846736704033
6.195,0.0011387927410965778,83.2138567338529,0,100,3.0,5,0.11314567789807708
6.2,0.0006765107634274089,82.37547016896139,0,100,3.0,5,0.09654396374180961
6.205,0.00039307957404427924,81.5919021412145,0,100,3.0,5,0.08102776517256444
6.21,0.00022338910511776318,80.8779681711764,0,100,3.0,5,0.06689045883517634
6.215,0.00012417073320013317,80.24288403167223,0,100,3.0,5,0.054314535280638274
6.22,6.750753468904987e-05,79.69068996060383,0,100,3.0,5,0.043379999219877896
6.225,3.5897234866245036e-05,79.22098057593206,0,100,3.0,5,0.03407882328578337
6.23,1.8670050400879738e-05,78.82981919714364,0,100,3.0,5,0.026333053408784855
6.235,9.497421874143672e-06,78.51071987622515,0,100,3.0,5,0.0200142549747555
6.24,4.725434140340885e-06,78.25559764113524,0,100,3.0,5,0.014962329527430474
6.245,2.299606063738814e-06,78.05561243800646,0,100,3.0,5,0.011002226495177486
6.25,1.0945633976635486e-06,77.90186011486975,0,100,3.0,5,0.007957626037024722
6.255,5.095703414287532e-07,77.78589030472493,0,100,3.0,5,0.00566119415296891
6.26,2.3202944964797243e-07,77.70005321255698,0,100,3.0,5,0.003961449753603574
6.265,1.0333746954038608e-07,77.63769342762592,0,100,3.0,5,0.0027266025272459243
6.27,4.501406988770349e-08,77.59321857741432,0,100,3.0,5,0.001845912424045926
6.275,0.0,77.56207451138886,0,100,3.0,5,0.0012291982453239098
6.28,0.0,77.54065797339315,0,100,3.0,5,0.0008051083840228168
6.285,0.0,77.5261938733732,0,100,3.0,5,0.0005186905618455908
6.29,0.0,77.51659874675121,0,100,3.0,5,0.0003286880544794825
6.295,0.0,77.51034599949604,0,100,3.0,5,0.00020487127714928458
6.3,0.0,77.50634294850691,0,100,3.0,5,0.00012560294073093452
6.305,0.0,77.50382500050979,0,100,3.0,5,7.574258435232031e-05
6.31,0.0,77.50226878523836,0,100,3.0,5,4.4926440363503776e-05
6.315,0.0,77.5013236612559,0,100,3.0,5,2.6211113978129872e-05
6.32,0.0,77.50075959466382,0,100,3.0,5,1.5041478491465937e-05
6.325,0.0,77.50042875434282,0,100,3.0,5,8.490185006347038e-06
6.33,0.0,77.50023804372503,0,100,3.0,5,4.71373712938171e-06
6.335,0.0,77.50012999496224,0,100,3.0,5,2.5741576680479963e-06
6.34,0.0,77.50006982611599,0,100,3.0,5,1.3826953661329285e-06
6.345,0.0,77.50003689188343,0,100,3.0,5,7.305323450590648e-07
6.35,0.001684486749771458,77.50001917190855,0,100,3.0,5,3.7964175342242717e-07
6.355,0.00456624331333666,77.50000979989558,0,100,3.0,5,1.9405733820745484e-07
6.36,0.011079731271581421,77.50000492718793,0,100,3.0,5,9.7568077832632e-08
6.365,0.024064571490409,77.50000243667935,0,100,3.0,5,4.825107628739085e-08
6.37,0.046784906529573234,77.50000118527527,0,100,3.0,5,2.34707973540575e-08
6.375,0.08141644351188804,77.50000056710259,0,100,3.0,5,1.1229754235419834e-08
6.38,0.12682276464025305,77.5000002668859,0,100,3.0,5,5.284869413378264e-09
6.385,0.1768320708657512,77.50000012354103,0,100,3.0,5,2.4463569915686023e-09
6.39,0.22070063230473494,77.50000005624946,0,100,3.0,5,1.1138507322204245e-09
6.395,0.24656126505113576,77.5000000251911,0,100,3.0,5,4.988336432589757e-10
6.4,0.24656126505724016,77.50000001109679,0,100,3.0,5,2.197383661167454e-10
6.405,0.220700632329898,77.50000000480806,0,100,3.0,5,9.520906835202575e-11
6.41,0.17683207093748562,77.50000000204909,0,100,3.0,5,4.05760705563249e-11
6.415,0.12682276483597799,77.50000000085898,0,100,3.0,5,1.7009408183373963e-11
6.42,0.08141644409447898,77.50000000035418,0,100,3.0,5,7.013408555781773e-12
6.425,0.04678490952598309,77.50000000014364,0,100,3.0,5,2.8444221675497395e-12
6.43,0.024064605020532023,77.5000000000573,0,100,3.0,5,1.1346171527068214e-12
6.435,0.011080171739334697,77.50000000002248,0,100,3.0,5,4.4517964672177365e-13
6.44,0.004571212771509492,77.50000000000868,0,100,3.0,5,1.7193727190076088e-13
6.445,0.0017299316936037438,77.5000000000033,0,100,3.0,5,6.5285510770829e-14
6.45,0.0008899431850697582,77.50000000000122,0,100,3.0,5,2.420066347539351e-14
6.455,0.002128806368910263,77.50000000000045,0,100,3.0,5,9.004898037355725e-15
6.46,0.009309664818487698,77.50000000000016,0,100,3.0,5,3.0954337003410305e-15
6.465,0.03503263543368747,77.50000000000006,0,100,3.0,5,1.1256122546694657e-15
6.47,0.10606267793605692,77.50000000000001,0,100,3.0,5,2.814030636673664e-16
6.475,0.25734927343160535,77.5,0,100,3.0,5,0.0
6.48,0.5003202479539708,77.5,0,100,3.0,5,0.0
6.485,0.7793067891790435,77.5,0,100,3.0,5,0.0
6.49,0.9720477407234077,77.50000297771932,1,100,3.0,5,5.896473899246312e-08
6.495,0.967267334488097,77.50000663960374,0,100,3.0,5,1.3147730177623466e-07
6.5,0.7505869905515209,77.50001637586298,0,100,3.0,5,3.242745145319595e-07
6.505,0.4028369574773956,77.50004709848977,0,100,3.0,5,9.326433618442403e-07
6.51,0.04553881263121314,77.50015636152904,0,100,3.0,5,3.0962679017134764e-06
6.515,-0.189138810908105,77.50055851161024,0,100,3.0,5,1.1059635846270857e-05
6.52,-0.22868072635956738,77.50199785519398,0,100,3.0,5,3.956148898964784e-05
6.525,-0.14104670682394166,77.50684655116036,0,100,3.0,5,0.0001355752705022735
6.53,-0.051158381651102834,77.52198752153514,0,100,3.0,5,0.00043539646604233553
6.535,-0.008206426846427752,77.56550288726234,0,100,3.0,5,0.0012970868764819888
6.54,0.005350271385530505,77.68017945676077,0,100,3.0,5,0.0035679100348667055
6.545,0.01084668799215426,77.95663373031859,0,100,3.0,5,0.009042252085516556
6.55,0.016256859896386415,78.56510793599625,0,100,3.0,5,0.02109124625735153
6.555,0.02345021205790711,79.78536032528146,0,100,3.0,5,0.04525465990656355
6.56,0.0330621597308209,82.00955711372923,0,100,3.0,5,0.08929816066790554
6.565,0.04559141319943196,85.68219717478566,0,100,3.0,5,0.16202370643139913
6.57,0.06149084917446989,91.14997859840949,0,100,3.0,5,0.2702966059090988
6.575,0.08111733445924295,98.43667840593884,0,100,3.0,5,0.41458769120670963
6.58,0.1046628598272375,107.025648494709,0,100,3.0,5,0.5846663068259208
6.585,0.1320831047748631,115.78459252281604,0,100,3.0,5,0.7581107430260602
6.59,0.16303381314489318,123.1477986612665,0,100,3.0,5,0.9039168051735942
6.595,0.19682662652900276,127.55660442372614,0,100,3.0,5,0.9912198895787355
6.6,0.23241585813229,128.0,0,100,3.0,5,1.0
6.605,0.26842527782774417,124.40173161663243,0,100,3.0,5,0.9287471607253946
6.61,0.30321927900592993,117.65298983257354,0,100,3.0,5,0.7951087095559116
6.615,0.3350163137995362,109.27308996697352,0,100,3.0,5,0.6291700983559112
6.62,0.3620352400956416,100.87564874495942,0,100,3.0,5,0.4628841335635529
6.625,0.3826586036805073,93.69641414601595,0,100,3.0,5,0.32072107219833573
6.63,0.39559233134833227,88.36390013891604,0,100,3.0,5,0.21512673542407995
6.635,0.4,84.93753867373853,0,100,3.0,5,0.14727799353937682
6.64,0.39559233134833227,83.1108165011131,0,100,3.0,5,0.11110527724976449
6.645,0.3826586036805073,82.44178996739586,0,100,3.0,5,0.0978572270771458
6.65,0.3620352400956416,82.51738442219202,0,100,3.0,5,0.09935414697409947
6.655,0.3350163137995362,83.02651494004887,0,100,3.0,5,0.10943593940690831
6.66,0.3032192790059296,83.76477105221848,0,100,3.0,5,0.12405487232115799
6.665,0.26842527782774417,84.60711840850529,0,100,3.0,5,0.1407350179902037
6.67,0.23241585813229,85.47616777813795,0,100,3.0,5,0.15794391639877126
6.675,0.19682662652900276,86.31875732791698,0,100,3.0,5,0.17462885797855413
6.68,0.16303381314489318,87.09287384486441,0,100,3.0,5,0.18995789791810722
6.685,0.13208310477486307,87.7622785489768,0,100,3.0,5,0.20321343661340188
6.69,0.10466285982723562,88.29553846232781,0,100,3.0,5,0.21377303885797647
6.695,0.08111733445917907,88.66703467803421,0,100,3.0,5,0.2211293995650339
6.7,0.06149084917398798,88.85851368876422,0,100,3.0,5,0.22492106314384594
6.705,0.04559141333598128,88.86042489121863,0,100,3.0,5,0.22495890873700253
6.71,0.03306217087257399,88.67266908455821,0,100,3.0,5,0.22124097197144968
6.715,0.02345067901074276,88.3045967595911,0,100,3.0,5,0.213952411081012
6.72,0.016268788896435526,87.77423397700282,0,100,3.0,5,0.20345017776243213
6.725,0.011039026374860051,87.10681883811144,0,100,3.0,5,0.19023403639824626
6.73,0.007326255555493689,86.33281248509984,0,100,3.0,5,0.17490717792276902
6.735,0.0047556414315231815,85.48560236140001,0,100,3.0,5,0.15813073982970322
6.74,0.0030193390635632803,84.59913788751919,0,100,3.0,5,0.14057698787166714
6.745,0.001874953127946523,83.70572894913506,0,100,3.0,5,0.12288572176505078
6.75,0.0011387927410965778,82.83419950017672,0,100,3.0,5,0.10562771287478659
6.755,0.0006765107634274089,82.00853002696181,0,100,3.0,5,0.0892778223160754
6.76,0.00039307957404427924,81.24705388855047,0,100,3.0,5,0.07419908690198947
6.765,0.00022338910511776318,80.56220437043469,0,100,3.0,5,0.060637710305637325
6.77,0.00012417073320013317,79.96075097280979,0,100,3.0,5,0.04872774203583744
6.775,6.750753468904987e-05,79.44442152181271,0,100,3.0,5,0.038503396471538893
6.78,3.5897234866245036e-05,79.01078419848078,0,100,3.0,5,0.029916518781797578
6.785,1.8670050400879738e-05,78.65426016726607,0,100,3.0,5,0.022856636975565815
6.79,9.497421874143672e-06,78.36715003120642,0,100,3.0,5,0.017171287746661802
6.795,4.725434140340885e-06,78.14058098050421,0,100,3.0,5,0.012684771891172496
6.8,2.299606063738814e-06,77.96531076079805,0,100,3.0,5,0.009214074471248463
6.805,1.0945633976635486e-06,77.83235438484492,0,100,3.0,5,0.00658127494742414
6.81,5.095703414287532e-07,77.73342587215042,0,100,3.0,5,0.004622294498028116
6.815,2.3202944964797243e-07,77.66120771708205,0,100,3.0,5,0.0031922320214267295
6.82,1.0333746954038608e-07,77.60947423674872,0,100,3.0,5,0.002167806668291569
6.825,4.501406988770349e-08,77.57310166766504,0,100,3.0,5,0.0014475577755453993
6.83,0.0,77.54799896841564,0,100,3.0,5,0.0009504746220918965
6.835,0.0,77.53099030020272,0,100,3.0,5,0.0006136693109448907
6.84,0.0,77.51967473643876,0,100,3.0,5,0.00038959874136156546
6.845,0.0,77.51228234589465,0,100,3.0,5,0.00024321477019103072
6.85,0.0,77.50753950762486,0,100,3.0,5,0.00014929718069020686
6.855,0.0,77.50455086451487,0,100,3.0,5,9.011612900729972e-05
6.86,0.0,77.5027010591081,0,100,3.0,5,5.3486318972379043e-05
6.865,0.0,77.50157638948912,0,100,3.0,5,3.121563344785221e-05
6.87,0.0,77.5009046534282,0,100,3.0,5,1.7913929271159787e-05
6.875,0.0,77.5005104934764,0,100,3.0,5,1.010878171084664e-05
6.88,0.0,77.50028326141505,0,100,3.0,5,5.609136931667254e-06
6.885,0.0,77.50015455174204,0,100,3.0,5,3.060430535494768e-06
6.89,0.0,77.50008291815867,0,100,3.0,5,1.6419437360024074e-06
6.895,0.0,77.50004374361338,0,100,3.0,5,8.662101658438308e-07
6.9,0.001684486749771458,77.50002269179859,0,100,3.0,5,4.4934254636173855e-07
6.905,0.00456624331333666,77.50001157477203,0,100,3.0,5,2.2920340656452423e-07
6.91,0.011079731271581421,77.5000058055749,0,100,3.0,5,1.1496187922413882e-07
6.915,0.024064571490409,77.50000286330281,0,100,3.0,5,5.669906556141712e-08
6.92,0.046784906529573234,77.50000138860456,0,100,3.0,5,2.74971199868929e-08
6.925,0.08141644351188804,77.50000066218472,0,100,3.0,5,1.3112568667836086e-08
6.93,0.12682276464025305,77.50000031050527,0,100,3.0,5,6.148619233121425e-09
6.935,0.1768320708657512,77.50000014316869,0,100,3.0,5,2.8350235866263133e-09
6.94,0.22070063230473494,77.50000006491072,0,100,3.0,5,1.2853608342705383e-09
6.945,0.24656126505113576,77.50000002893837,0,100,3.0,5,5.730370985204873e-10
6.95,0.24656126505724016,77.50000001268589,0,100,3.0,5,2.512057009052213e-10
6.955,0.220700632329898,77.50000000546837,0,100,3.0,5,1.0828446170532993e-10
6.96,0.17683207093748562,77.50000000231783,0,100,3.0,5,4.5897683893338464e-11
6.965,0.12682276483597799,77.50000000096604,0,100,3.0,5,1.91294988650439e-11
6.97,0.08141644409447898,77.50000000039591,0,100,3.0,5,7.839889353772829e-12
6.975,0.04678490952598309,77.50000000015955,0,100,3.0,5,3.1593121957935227e-12
6.98,0.024064605020532023,77.50000000006322,0,100,3.0,5,1.2519622302561131e-12
6.985,0.011080171739334697,77.50000000002463,0,100,3.0,5,4.87671509335546e-13
6.99,0.004571212771509492,77.50000000000944,0,100,3.0,5,1.8685163427513129e-13
6.995,0.0017299316936037438,77.50000000000355,0,100,3.0,5,7.03507659168416e-14
7.0,0.0008899431850697582,77.50000000000132,0,100,3.0,5,2.6170484921065077e-14
7.005,0.002128806368910263,77.50000000000048,0,100,3.0,5,9.567704164690459e-15
7.01,0.009309664818487698,77.50000000000017,0,100,3.0,5,3.3768367640083968e-15
7.015,0.03503263543368747,77.50000000000006,0,100,3.0,5,1.1256122546694657e-15
7.02,0.10606267793605692,77.50000000000001,0,100,3.0,5,2.814030636673664e-16
7.025,0.25734927343160535,77.5,0,100,3.0,5,0.0
7.03,0.5003202479539708,77.5,0,100,3.0,5,0.0
7.035,0.7793067891790435,77.5,0,100,3.0,5,0.0
7.04,0.9720477407234077,77.5000029632167,1,100,3.0,5,5.867755844249559e-08
7.045,0.967267334488097,77.5000056291552,0,100,3.0,5,1.1146841974424557e-07
7.05,0.7505869905515209,77.50001132539437,0,100,3.0,5,2.2426523501188526e-07
7.055,0.4028369574773956,77.50002495146212,0,100,3.0,5,4.940883588735214e-07
7.06,0.04553881263121314,77.50006108005088,0,100,3.0,5,1.2095059580948182e-06
7.065,-0.189138810908105,77.50016298223332,0,100,3.0,5,3.2273709568318447e-06
7.07,-0.22868072635956738,77.50045520114995,0,100,3.0,5,9.013884157366643e-06
7.075,-0.14104670682394166,77.50127972923794,0,100,3.0,5,2.534117302843697e-05
7.08,-0.051158381651102834,77.50352502976264,0,100,3.0,5,6.980256955726548e-05
7.085,-0.008206426846427752,77.50936430658398,0,100,3.0,5,0.00018543181354407307
7.09,0.005350271385530505,77.52378627235747,0,100,3.0,5,0.00047101529420731343
7.095,0.01084668799215426,77.55750897101102,0,100,3.0,5,0.0011387915051686674
7.1,0.016256859896386415,77.63202335301085,0,100,3.0,5,0.0026143238219970494
7.105,0.02345021205790711,77.7874112584285,0,100,3.0,5,0.005691312048089223
7.11,0.0330621597308209,78.09290000908949,0,100,3.0,5,0.011740594239395847
7.115,0.04559141319943196,78.65852940974075,0,100,3.0,5,0.022941176430509927
7.12,0.06149084917446989,79.64377192115572,0,100,3.0,5,0.0424509291317964
7.125,0.08111733445924295,81.25609014272197,0,100,3.0,5,0.07437802262815789
7.13,0.1046628598272375,83.73079902637203,0,100,3.0,5,0.12338215893805991
7.135,0.1320831047748631,87.28545346872033,0,100,3.0,5,0.19377135581624425
7.14,0.16303381314489318,92.04910759539464,0,100,3.0,5,0.2881011405028643
7.145,0.19682662652900276,97.97884810145683,0,100,3.0,5,0.40552174458330364
7.15,0.23241585813229,104.789143741855,0,100,3.0,5,0.5403790839971288
7.155,0.26842527782774417,111.92683867692804,0,100,3.0,5,0.6817195777609514
7.16,0.30321927900592993,118.6190268753716,0,100,3.0,5,0.8142381559479526
7.165,0.3350163137995362,124.00014515990247,0,100,3.0,5,0.9207949536614352
7.17,0.3620352400956416,127.2940896869456,0,100,3.0,5,0.9860215779593188
7.175,0.3826586036805073,128.0,0,100,3.0,5,1.0
7.18,0.39559233134833227,126.0209135272328,0,100,3.0,5,0.9608101688560952
7.185,0.4,121.69011713294753,0,100,3.0,5,0.8750518244148027
7.19,0.39559233134833227,115.68568083411103,0,100,3.0,5,0.7561520957249708
7.195,0.3826586036805073,108.86364566421918,0,100,3.0,5,0.6210622903805778
7.2,0.3620352400956416,102.06658034944775,0,100,3.0,5,0.48646693761282667
7.205,0.3350163137995362,95.96609408918414,0,100,3.0,5,0.3656652294887948
7.21,0.3032192790059296,90.97734160204625,0,100,3.0,5,0.26687805152566835
7.215,0.26842527782774417,87.25269546164415,0,100,3.0,5,0.19312268240879507
7.22,0.23241585813229,84.73520644729147,0,100,3.0,5,0.143271414797851
7.225,0.19682662652900276,83.23970387451928,0,100,3.0,5,0.1136575024657283
7.23,0.16303381314489318,82.53146376044063,0,100,3.0,6,0.0996329457512996
7.235,0.13208310477486307,82.38378977856594,0,100,3.0,6,0.09670870848645427
7.24,0.10466285982723562,82.60911244678353,0,100,3.0,6,0.1011705435006639
7.245,0.08111733445917907,83.06784208800201,0,100,3.0,6,0.11025429877231703
7.25,0.06149084917398798,83.66335040359952,0,100,3.0,6,0.1220465426455351
7.255,0.04559141333598128,84.33114280474122,0,100,3.0,6,0.13527015454933108
7.26,0.03306217087257399,85.02773955785477,0,100,3.0,6,0.14906414966049056
7.265,0.02345067901074276,85.72195777553705,0,100,3.0,6,0.1628110450601396
7.27,0.016268788896435526,86.38922540744653,0,100,3.0,6,0.17602426549399072
7.275,0.011039026374860051,87.00847908458954,0,100,3.0,6,0.1882867145463275
7.28,0.007326255555493689,87.56086119144211,0,100,3.0,6,0.19922497408796266
7.285,0.0047556414315231815,88.02949267817114,0,100,3.0,6,0.20850480550833936
7.29,0.0030193390635632803,88.3997929158282,0,100,3.0,6,0.21583748348174656
7.295,0.001874953127946523,88.66000669102597,0,100,3.0,6,0.22099023150546476
7.3,0.0011387927410965778,88.801735086481,0,100,3.0,6,0.22379673438576242
7.305,0.0006765107634274089,88.82035314600886,0,100,3.0,6,0.22416540883185854
7.31,0.00039307957404427924,88.71524935893723,0,100,3.0,6,0.22208414572152926
7.315,0.00022338910511776318,88.4898554346316,0,100,3.0,6,0.2176208996956751
7.32,0.00012417073320013317,88.15145915700028,0,100,3.0,6,0.21091998330693615
7.325,6.750753468904987e-05,87.710812782485,0,100,3.0,6,0.2021943125244553
7.33,3.5897234866245036e-05,87.18156577194156,0,100,3.0,6,0.19171417370181315
7.335,1.8670050400879738e-05,86.57956342612398,0,100,3.0,6,0.17979333517077192
7.34,9.497421874143672e-06,85.92206159139221,0,100,3.0,6,0.16677349685925164
7.345,4.725434140340885e-06,85.22691152057988,0,100,3.0,6,0.15300814892237377
7.35,2.299606063738814e-06,84.5117681140564,0,100,3.0,6,0.13884689334765138
7.355,1.0945633976635486e-06,83.79336949573046,0,100,3.0,6,0.12462117813327643
7.36,5.095703414287532e-07,83.08692699143727,0,100,3.0,6,0.1106322176522231
7.365,2.3202944964797243e-07,82.40565318118215,0,100,3.0,6,0.0971416471521217
7.37,1.0333746954038608e-07,81.76044306774642,0,100,3.0,6,0.0843652092623054
7.375,4.501406988770349e-08,81.15971082717427,0,100,3.0,6,0.07246952133018347
7.38,0.0,80.60937323075163,0,100,3.0,6,0.06157174714359662
7.385,0.0,80.11296155249335,0,100,3.0,6,0.05174181292066031
7.39,0.0,79.67183717921905,0,100,3.0,6,0.043006676816218885
7.395,0.0,79.28548245579842,0,100,3.0,6,0.035356088233631996
7.4,0.0,78.95183743607637,0,100,3.0,6,0.028749256159928207
7.405,0.0,78.66765481315886,0,100,3.0,6,0.023121877488294293
7.41,0.0,78.42884882670528,0,100,3.0,6,0.018393046073371822
7.415,0.0,78.23081874738091,0,100,3.0,6,0.014471658363978386
7.42,0.0,78.06873296561155,0,100,3.0,6,0.011262038923000895
7.425,0.0,77.93776516962052,0,100,3.0,6,0.0086686172202083
7.43,0.0,77.83327910504693,0,100,3.0,6,0.0065995862385530065
7.435,0.0,77.7509626249239,0,100,3.0,6,0.004969556929186149
7.44,0.0,77.68691497187574,0,100,3.0,6,0.003701286571796773
7.445,0.0,77.63769342762592,0,100,3.0,6,0.0027266025272459243
7.45,0.0,77.60032667335693,0,100,3.0,6,0.0019866667991471666
7.455,0.0,77.57230256306232,0,100,3.0,6,0.0014317339220261908
7.46,0.0,77.55153770241499,0,100,3.0,6,0.0010205485626730672
7.465,0.0,77.53633544587767,0,100,3.0,6,0.0007195137797558089
7.47,0.0,77.52533786477025,0,100,3.0,6,0.0005017398964406032
7.475,0.0,77.51747606349012,0,100,3.0,6,0.00034606066317073017
7.48,0.0,77.51192205973311,0,100,3.0,6,0.00023608039075464032
7.485,0.0,77.50804438880279,0,100,3.0,6,0.00015929482777796513
7.49,0.0,77.5053686969771,0,100,3.0,6,0.00010631083122971762
7.495,0.0,77.50354387839359,0,100,3.0,6,7.017580977397904e-05
7.5,0.0,77.50231378397852,0,100,3.0,6,4.58175045251903e-05
7.505,0.0,77.50149417301238,0,100,3.0,6,2.95875844034693e-05
7.51,0.0,77.50095436179676,0,100,3.0,6,1.8898253401148664e-05
7.515,0.0,77.5006029194358,0,100,3.0,6,1.193899872883902e-05
7.52,0.0,77.50037673815083,0,100,3.0,6,7.4601614026523565e-06
7.525,0.0,77.50023283807455,0,100,3.0,6,4.610654941632332e-06
7.53,0.0,77.50014233197525,0,100,3.0,6,2.81845495553873e-06
7.535,0.0,77.5000860567684,0,100,3.0,6,1.7040944236790586e-06
7.54,0.0,77.50005146377862,0,100,3.0,6,1.019084725112857e-06
7.545,0.0,77.5000304405424,0,100,3.0,6,6.027830178851164e-07
7.55,0.0,77.50001780890359,0,100,3.0,6,3.5265155629126144e-07
7.555,0.0,77.50001030519131,0,100,3.0,6,2.0406319425875505e-07
7.56,0.0,77.50000589805767,0,100,3.0,6,1.1679322109656742e-07
7.565,0.0,77.5000033388434,0,100,3.0,6,6.611571087311255e-08
7.57,0.0,77.50000186946426,0,100,3.0,6,3.7019094183915965e-08
7.575,0.0,77.50000103531465,0,100,3.0,6,2.050128026858507e-08
7.58,0.001684486749771458,77.50000056710259,0,100,3.0,6,1.1229754235419834e-08
7.585,0.00456624331333666,77.50000030724512,0,100,3.0,6,6.084061712076303e-09
7.59,0.011079731271581421,77.50000016464269,0,100,3.0,6,3.2602511933279436e-09
7.595,0.024064571490409,77.50000008726376,0,100,3.0,6,1.7279951902814405e-09
7.6,0.046784906529573234,77.50000004574667,0,100,3.0,6,9.058747327619113e-10
7.605,0.08141644351188804,77.50000002372025,0,100,3.0,6,4.697078633632759e-10
7.61,0.12682276464025305,77.50000001216502,0,100,3.0,6,2.4089143441262134e-10
7.615,0.1768320708657512,77.5000000061708,0,100,3.0,6,1.2219393373934417e-10
7.62,0.22070063230473494,77.500000003096,0,100,3.0,6,6.130703425669979e-11
7.625,0.24656126505113576,77.50000000153638,0,100,3.0,6,3.042332942226998e-11
7.63,0.24656126505724016,77.5000000007541,0,100,3.0,6,1.4932653573508798e-11
7.635,0.220700632329898,77.5000000003661,0,100,3.0,6,7.2495057261986936e-12
7.64,0.17683207093748562,77.50000000017579,0,100,3.0,6,3.4809558975653225e-12
7.645,0.12682276483597799,77.50000000008349,0,100,3.0,6,1.6532429990457777e-12
7.65,0.08141644409447898,77.50000000003922,0,100,3.0,6,7.766724557219313e-13
7.655,0.04678490952598309,77.50000000001822,0,100,3.0,6,3.6075872762156376e-13
7.66,0.024064605020532023,77.50000000000837,0,100,3.0,6,1.657464045000788e-13
7.665,0.011080171739334697,77.50000000000381,0,100,3.0,6,7.54160210628542e-14
7.67,0.004571212771509492,77.5000000000017,0,100,3.0,6,3.376836764008397e-14
7.675,0.0017299316936037438,77.50000000000075,0,100,3.0,6,1.491436237437042e-14
7.68,0.0008899431850697582,77.50000000000033,0,100,3.0,6,6.472270464349428e-15
7.685,0.002128806368910263,77.50000000000014,0,100,3.0,6,2.8140306366736642e-15
7.69,0.009309664818487698,77.50000000000006,0,100,3.0,6,1.1256122546694657e-15
7.695,0.03503263543368747,77.50000000000003,0,100,3.0,6,5.628061273347328e-16
7.7,0.10606267793605692,77.50000000000001,0,100,3.0,6,2.814030636673664e-16
7.705,0.25734927343160535,77.5,0,100,3.0,6,0.0
7.71,0.5003202479539708,77.5,0,100,3.0,6,0.0
7.715,0.7793067891790435,77.5,0,100,3.0,6,0.0
7.72,0.9720477407234077,77.50000297094563,1,100,3.0,6,5.8830606533747686e-08
7.725,0.967267334488097,77.50000585321456,0,100,3.0,6,1.1590523881480268e-07
7.73,0.7505869905515209,77.50001231859999,0,100,3.0,6,2.4393267297833374e-07
7.735,0.4028369574773956,77.5000287685175,0,100,3.0,6,5.696736137690438e-07
7.74,0.04553881263121314,77.50007544225073,0,100,3.0,6,1.493905955103941e-06
7.745,-0.189138810908105,77.50021580677046,0,100,3.0,6,4.2734013951609664e-06
7.75,-0.22868072635956738,77.50064122197105,0,100,3.0,6,1.2697464773291268e-05
7.755,-0.14104670682394166,77.50189764285709,0,100,3.0,6,3.7577086278971173e-05
7.76,-0.051158381651102834,77.50544678588247,0,100,3.0,6,0.00010785714618751257
7.765,-0.008206426846427752,77.51494354533021,0,100,3.0,6,0.00029591178871706545
7.77,0.005350271385530505,77.53889317447089,0,100,3.0,6,0.0007701618707106056
7.775,0.01084668799215426,77.59565760011441,0,100,3.0,6,0.0018942099032555873
7.78,0.016256859896386415,77.72188223512214,0,100,3.0,6,0.004393707626180944
7.785,0.02345021205790711,77.98486749911095,0,100,3.0,6,0.00960133661605837
7.79,0.0330621597308209,78.4976358334839,0,100,3.0,6,0.01975516501948312
7.795,0.04559141319943196,79.43210578788607,0,100,3.0,6,0.03825952055219946
7.8,0.06149084917446989,81.02144467284691,0,100,3.0,6,0.06973157768013685
7.805,0.08111733445924295,83.53943824352314,0,100,3.0,6,0.11959283650540864
7.81,0.1046628598272375,87.24612635035874,0,100,3.0,6,0.1929926009972027
7.815,0.1320831047748631,92.29836240213126,0,100,3.0,6,0.29303687925012395
7.82,0.16303381314489318,98.6415242177682,0,100,3.0,6,0.41864404391620186
7.825,0.19682662652900276,105.91856224009601,0,100,3.0,6,0.5627438067345745
7.83,0.23241585813229,113.44355699129795,0,100,3.0,6,0.7117536037880783
7.835,0.26842527782774417,120.27731578487735,0,100,3.0,6,0.8470755600965811
7.84,0.30321927900592993,125.40886924748625,0,100,3.0,6,0.9486904801482426
7.845,0.3350163137995362,128.0,0,100,3.0,6,1.0
7.85,0.3620352400956416,127.61297446918879,0,100,3.0,6,0.9923361281027482
7.855,0.3826586036805073,124.33696161207922,0,100,3.0,6,0.9274645863778064
7.86,0.39559233134833227,118.76344665656188,0,100,3.0,6,0.8170979535952848
7.865,0.4,111.82039289833824,0,100,3.0,6,0.6796117405611533
7.87,0.39559233134833227,104.52944873576625,0,100,3.0,6,0.5352366086290347
7.875,0.3826586036805073,97.77357003237384,0,100,3.0,6,0.40145683232423446
7.88,0.3620352400956416,92.14593155860807,0,100,3.0,6,0.2900184467051103
7.885,0.3350163137995362,87.90825613345055,0,100,3.0,6,0.20610408185050594
7.89,0.3032192790059296,85.04198682162858,0,100,3.0,6,0.1493462736956155
7.895,0.26842527782774417,83.34911037832367,0,100,3.0,6,0.11582396788759747
7.9,0.23241585813229,82.55716877843483,0,100,3.0,6,0.10014195600861046
7.905,0.19682662652900276,82.39818228678223,0,100,3.0,6,0.09699370864915308
7.91,0.16303381314489318,82.65144010719679,0,100,3.0,6,0.10200871499399586
7.915,0.13208310477486307,83.15544646601765,0,100,3.0,6,0.11198903893104259
7.92,0.10466285982723562,83.80098496712186,0,100,3.0,6,0.12477197954696759
7.925,0.08111733445917907,84.51679817502719,0,100,3.0,6,0.13894649851538993
7.93,0.06149084917398798,85.25545908263547,0,100,3.0,6,0.15357344718090035
7.935,0.04559141333598128,85.98282074337618,0,100,3.0,6,0.16797664838368673
7.94,0.03306217087257399,86.67155747492474,0,100,3.0,6,0.1816149995034602
7.945,0.02345067901074276,87.29795930335597,0,100,3.0,6,0.19401899610605874
7.95,0.016268788896435526,87.84083911807926,0,100,3.0,6,0.20476909144711405
7.955,0.011039026374860051,88.28160151207733,0,100,3.0,6,0.21349705964509563
7.96,0.007326255555493689,88.60482836895572,0,100,3.0,6,0.21989759146446974
7.965,0.0047556414315231815,88.79899114489746,0,100,3.0,6,0.22374239890886052
7.97,0.0030193390635632803,88.85706779854773,0,100,3.0,6,0.22489243165441053
7.975,0.001874953127946523,88.77694250763581,0,100,3.0,6,0.22330579223041205
7.98,0.0011387927410965778,88.56152685954629,0,100,3.0,6,0.21904013583259982
7.985,0.0006765107634274089,88.21858228046267,0,100,3.0,6,0.2122491540685677
7.99,0.00039307957404427924,87.76025532372388,0,100,3.0,6,0.20317337274700756
7.995,0.00022338910511776318,87.20236355807309,0,100,3.0,6,0.19212601105095226
8.0,0.00012417073320013317,86.5634902866797,0,100,3.0,6,0.17947505518177614
8.005,6.750753468904987e-05,85.86396018771272,0,100,3.0,6,0.16562297401411327
8.01,3.5897234866245036e-05,85.12477432033205,0,100,3.0,6,0.15098563010558516
8.015,1.8670050400879738e-05,84.36658158555097,0,100,3.0,6,0.13597191258516783
8.02,9.497421874143672e-06,83.60875530007408,0,100,3.0,6,0.12096545148661544
8.025,4.725434140340885e-06,82.86862941840498,0,100,3.0,6,0.10630949343376195
8.03,2.299606063738814e-06,82.1609310518812,0,100,3.0,6,0.09229566439368726
8.035,1.0945633976635486e-06,81.49742647014536,0,100,3.0,6,0.07915695980485854
8.04,5.095703414287532e-07,80.88677888145745,0,100,3.0,6,0.06706492834569198
8.045,2.3202944964797243e-07,80.33459982381898,0,100,3.0,6,0.05613068958057379
8.05,1.0333746954038608e-07,79.84366331563119,0,100,3.0,6,0.04640917456695426
8.055,4.501406988770349e-08,79.4142437702478,0,100,3.0,6,0.03790581723262958
8.06,0.0,79.04453522094083,0,100,3.0,6,0.030584855860214453
8.065,0.0,78.73111024024065,0,100,3.0,6,0.024378420598824817
8.07,0.0,78.46938127165673,0,100,3.0,6,0.01919566874567781
8.075,0.0,78.25403387991976,0,100,3.0,6,0.014931363958807127
8.08,0.0,78.07940954909407,0,100,3.0,6,0.011473456417704283
8.085,0.0,77.93982406759571,0,100,3.0,6,0.00870938747714274
8.09,0.0,77.8298153669202,0,100,3.0,6,0.006530997364756453
8.095,0.0,77.74432130323292,0,100,3.0,6,0.004838045608572724
8.1,0.0,77.67879292921928,0,100,3.0,6,0.0035404540439462227
8.105,0.0,77.62925218591911,0,100,3.0,6,0.00255944922612107
8.11,0.0,77.59230474085237,0,100,3.0,6,0.0018278166505419813
8.115,0.0,77.56511914230262,0,100,3.0,6,0.0012894879663885247
8.12,0.0,77.54538286297166,0,100,3.0,6,0.0008986705538943354
8.125,0.0,77.5312445059329,0,100,3.0,6,0.0006187030877802698
8.13,0.0,77.52124975792847,0,100,3.0,6,0.00042078728571233557
8.135,0.0,77.51427686543666,0,100,3.0,6,0.00028271020666646127
8.14,0.0,77.50947567810488,0,100,3.0,6,0.00018763719019558933
8.145,0.0,77.50621278444058,0,100,3.0,6,0.0001230254344668898
8.15,0.0,77.50402402644141,0,100,3.0,6,7.968369190918322e-05
8.155,0.0,77.50257474319895,0,100,3.0,6,5.098501384056795e-05
8.16,0.0,77.50162744217775,0,100,3.0,6,3.222657777721924e-05
8.165,0.0,77.50101619199279,0,100,3.0,6,2.0122613718605393e-05
8.17,0.0,77.50062682242242,0,100,3.0,6,1.2412325196408455e-05
8.175,0.0,77.50038195467684,0,100,3.0,6,7.56345894732215e-06
8.18,0.0,77.50022992049958,0,100,3.0,6,4.552881179760973e-06
8.185,0.0,77.50013672316726,0,100,3.0,6,2.7073894506708647e-06
8.19,0.0,77.50008031655649,0,100,3.0,6,1.5904268612230947e-06
8.195,0.0,77.50004660865855,0,100,3.0,6,9.22943733672078e-07
8.2,0.0,77.50002671939872,0,100,3.0,6,5.29097004325852e-07
8.205,0.0,77.500015131616,0,100,3.0,6,2.996359603119993e-07
8.21,0.0,77.50000846530277,0,100,3.0,6,1.67629757819362e-07
8.215,0.0,77.50000467840951,0,100,3.0,6,9.264177248438176e-08
8.22,0.0,77.50000255418604,0,100,3.0,6,5.057794137743744e-08
8.225,0.001684486749771458,77.50000137754365,0,100,3.0,6,2.7278092163511912e-08
8.23,0.00456624331333666,77.5000007339336,0,100,3.0,6,1.4533338686521915e-08
8.235,0.011079731271581421,77.500000386284,0,100,3.0,6,7.649188125586728e-09
8.24,0.024064571490409,77.50000020084232,0,100,3.0,6,3.9770756896782906e-09
8.245,0.046784906529573234,77.50000010315784,0,100,3.0,6,2.0427296026310154e-09
8.25,0.08141644351188804,77.5000000523417,0,100,3.0,6,1.0364693921609173e-09
8.255,0.12682276464025305,77.50000002623567,0,100,3.0,6,5.195181754538455e-10
8.26,0.1768320708657512,77.50000001299077,0,100,3.0,6,2.57242922233141e-10
8.265,0.22070063230473494,77.50000000635443,0,100,3.0,6,1.2583022412805389e-10
8.27,0.24656126505113576,77.50000000307055,0,100,3.0,6,6.080304136967153e-11
8.275,0.24656126505724016,77.50000000146574,0,100,3.0,6,2.9024474792779507e-11
8.28,0.220700632329898,77.50000000069117,0,100,3.0,6,1.36866008075897e-11
8.285,0.17683207093748562,77.50000000032198,0,100,3.0,6,6.3757492135115204e-12
8.29,0.12682276483597799,77.50000000014816,0,100,3.0,6,2.9339083417959623e-12
8.295,0.08141644409447898,77.50000000006736,0,100,3.0,6,1.3338505217833169e-12
8.3,0.04678490952598309,77.50000000003025,0,100,3.0,6,5.991071225478231e-13
8.305,0.024064605020532023,77.50000000001342,0,100,3.0,6,2.656444921019939e-13
8.31,0.011080171739334697,77.50000000000588,0,100,3.0,6,1.165008683582897e-13
8.315,0.004571212771509492,77.50000000000254,0,100,3.0,6,5.037114839645859e-14
8.32,0.0017299316936037438,77.5000000000011,0,100,3.0,6,2.1668035902387214e-14
8.325,0.0008899431850697582,77.50000000000045,0,100,3.0,6,9.004898037355725e-15
8.33,0.002128806368910263,77.50000000000018,0,100,3.0,6,3.6582398276757634e-15
8.335,0.009309664818487698,77.50000000000009,0,100,3.0,6,1.6884183820041984e-15
8.34,0.03503263543368747,77.50000000000003,0,100,3.0,6,5.628061273347328e-16
8.345,0.10606267793605692,77.50000000000001,0,100,3.0,6,2.814030636673664e-16
8.35,0.25734927343160535,77.5,0,100,3.0,6,0.0
8.355,0.5003202479539708,77.5,0,100,3.0,6,0.0
8.36,0.7793067891790435,77.5,0,100,3.0,6,0.0
8.365,0.9720477407234077,77.5000029632167,1,100,3.0,6,5.867755844249559e-08
8.37,0.967267334488097,77.50000632443192,0,100,3.0,6,1.252362756864692e-07
8.375,0.7505869905515209,77.50001473324576,0,100,3.0,6,2.917474408505849e-07
8.38,0.4028369574773956,77.50003930345265,0,100,3.0,6,7.782861911378535e-07
8.385,0.04553881263121314,77.50012007178523,0,100,3.0,6,2.37765911352014e-06
8.39,-0.189138810908105,77.50039768906025,0,100,3.0,6,7.875030896043021e-06
8.395,-0.22868072635956738,77.50133813309903,0,100,3.0,6,2.6497685129220596e-05
8.4,-0.14104670682394166,77.50437429970992,0,100,3.0,6,8.661979623609861e-05
8.405,-0.051158381651102834,77.51356283545961,0,100,3.0,6,0.0002685709992001851
8.41,-0.008206426846427752,77.539423280672,0,100,3.0,6,0.0007806590232078606
8.415,0.005350271385530505,77.60683292766095,0,100,3.0,6,0.0021155035180385365
8.42,0.01084668799215426,77.7691843879838,0,100,3.0,6,0.005330383920471266
8.425,0.016256859896386415,78.1298195737859,0,100,3.0,6,0.012471674728433559
8.43,0.02345021205790711,78.8674564682652,0,100,3.0,6,0.027078345906241648
8.435,0.0330621597308209,80.25416185836706,0,100,3.0,7,0.05453785858152585
8.44,0.04559141319943196,82.64472323642266,0,100,3.0,7,0.10187570765193393
8.445,0.06149084917446989,86.41224109374863,0,100,3.0,7,0.17648002165838877
8.45,0.08111733445924295,91.81665598492147,0,100,3.0,7,0.2834981383152766
8.455,0.1046628598272375,98.826395638257,0,100,3.0,7,0.42230486412390095
8.46,0.1320831047748631,106.95895384922622,0,100,3.0,7,0.5833456207767568
8.465,0.16303381314489318,115.23602411394728,0,100,3.0,7,0.7472480022563818
8.47,0.19682662652900276,122.32971667135199,0,100,3.0,7,0.8877171618089502
8.475,0.23241585813229,126.89775582948093,0,100,3.0,7,0.9781733827619986
8.48,0.26842527782774417,128.0,0,100,3.0,7,1.0
8.485,0.30321927900592993,125.42125272540896,0,100,3.0,7,0.9489356975328508
8.49,0.3350163137995362,119.74965133212939,0,100,3.0,7,0.8366267590520671
8.495,0.3620352400956416,112.17257946470455,0,100,3.0,7,0.6865857319743476
8.5,0.3826586036805073,104.08785511981466,0,100,3.0,7,0.5264921805903894
8.505,0.39559233134833227,96.70488803956961,0,100,3.0,7,0.38029481266474474
8.51,0.4,90.78889417401182,0,100,3.0,7,0.2631464192873627
8.515,0.39559233134833227,86.60772759605685,0,100,3.0,7,0.18035104150607617
8.52,0.3826586036805073,84.04089578195409,0,100,3.0,7,0.12952268875156617
8.525,0.3620352400956416,82.75786879881116,0,100,3.0,7,0.10411621383784475
8.53,0.3350163137995362,82.37959366821764,0,100,3.0,7,0.09662561719242846
8.535,0.3032192790059296,82.57856812118584,0,100,3.0,7,0.1005657053700166
8.54,0.26842527782774417,83.11531036543767,0,100,3.0,7,0.11119426466213198
8.545,0.23241585813229,83.83263983129649,0,100,3.0,7,0.12539880854052454
8.55,0.19682662652900276,84.63250912217958,0,100,3.0,7,0.14123780439959574
8.555,0.16303381314489318,85.45226040314074,0,100,3.0,7,0.1574705030324899
8.56,0.13208310477486307,86.2475629773933,0,100,3.0,7,0.1732190688592733
8.565,0.10466285982723562,86.98281595132833,0,100,3.0,7,0.18777853368966999
8.57,0.08111733445917907,87.62707318852279,0,100,3.0,7,0.20053610274302547
8.575,0.06149084917398798,88.15320332098976,0,100,3.0,7,0.21095452120771804
8.58,0.04559141333598128,88.5385782151131,0,100,3.0,7,0.21858570722996248
8.585,0.03306217087257399,88.76624892522591,0,100,3.0,7,0.22309403812328532
8.59,0.02345067901074276,88.82603771663241,0,100,3.0,7,0.22427797458678045
8.595,0.016268788896435526,88.71524935893723,0,100,3.0,7,0.22208414572152926
8.6,0.011039026374860051,88.43886075670979,0,100,3.0,7,0.2166111040932631
8.605,0.007326255555493689,88.00914720955005,0,100,3.0,7,0.20810192494158516
8.61,0.0047556414315231815,87.44477763798974,0,100,3.0,7,0.19692628986118307
8.615,0.0030193390635632803,86.76946988444872,0,100,3.0,7,0.18355385909799454
8.62,0.001874953127946523,86.0103405328122,0,100,3.0,7,0.16852159470915234
8.625,0.0011387927410965778,85.1961087935566,0,100,3.0,7,0.15239819393181395
8.63,0.0006765107634274089,84.35531914558466,0,100,3.0,7,0.13574889397197343
8.635,0.00039307957404427924,83.51473332893123,0,100,3.0,7,0.11910363027586592
8.64,0.00022338910511776318,82.69801221580293,0,100,3.0,7,0.10293093496639472
8.645,0.00012417073320013317,81.92476728085217,0,100,3.0,7,0.08761915407628051
8.65,6.750753468904987e-05,81.2100160794701,0,100,3.0,7,0.07346566494000187
8.655,3.5897234866245036e-05,80.56403251225963,0,100,3.0,7,0.06067391113385405
8.66,1.8670050400879738e-05,79.99254590939884,0,100,3.0,7,0.04935734474057114
8.665,9.497421874143672e-06,79.49721667177356,0,100,3.0,7,0.039548844985615
8.67,4.725434140340885e-06,79.07630197143015,0,100,3.0,7,0.031213900424359505
8.675,2.299606063738814e-06,78.72542256815419,0,100,3.0,7,0.024265793428795777
8.68,1.0945633976635486e-06,78.43834933264405,0,100,3.0,7,0.018581174903842604
8.685,5.095703414287532e-07,78.20774277436361,0,100,3.0,7,0.01401470840323979
8.69,2.3202944964797243e-07,78.02579755035103,0,100,3.0,7,0.010411832680218405
8.695,1.0333746954038608e-07,77.88476352268945,0,100,3.0,7,0.007619079657216909
8.7,4.501406988770349e-08,77.77733293361308,0,100,3.0,7,0.005491741259664978
8.705,0.0,77.69689796089891,0,100,3.0,7,0.0038989695227506687
8.71,0.0,77.63769342762592,0,100,3.0,7,0.0027266025272459243
8.715,0.0,77.59484565128201,0,100,3.0,7,0.0018781317085547404
8.72,0.0,77.56435078582085,0,100,3.0,7,0.0012742729865514734
8.725,0.0,77.54300535190977,0,100,3.0,7,0.0008515911269261333
8.73,0.0,77.52830892491497,0,100,3.0,7,0.0005605727705934027
8.735,0.0,77.5183550878223,0,100,3.0,7,0.0003634670855901034
8.74,0.0,77.51172254143796,0,100,3.0,7,0.0002321295334249863
8.745,0.0,77.50737427460564,0,100,3.0,7,0.00014602523971560832
8.75,0.0,77.50456929349846,0,100,3.0,7,9.04810593755032e-05
8.755,0.0,77.5027887592473,0,100,3.0,7,5.522295539198113e-05
8.76,0.0,77.50167650638357,0,100,3.0,7,3.319814620940318e-05
8.765,0.0,77.50099273108047,0,100,3.0,7,1.9658041197479378e-05
8.77,0.0,77.50057901557518,0,100,3.0,7,1.1465654954136962e-05
8.775,0.0,77.50033264507117,0,100,3.0,7,6.587031112242738e-06
8.78,0.0,77.50018823663869,0,100,3.0,7,3.727458191926218e-06
8.785,0.0,77.50010492028098,0,100,3.0,7,2.0776293262437016e-06
8.79,0.0,77.50005760324511,0,100,3.0,7,1.1406583190242906e-06
8.795,0.0,77.50003115061858,0,100,3.0,7,6.168439323245015e-07
8.8,0.0,77.50001659275955,0,100,3.0,7,3.285694960465149e-07
8.805,0.001684486749771458,77.5000087056817,0,100,3.0,7,1.7238973650999488e-07
8.81,0.00456624331333666,77.50000449903288,0,100,3.0,7,8.908976006201592e-08
8.815,0.011079731271581421,77.50000229017026,0,100,3.0,7,4.5349906096618887e-08
8.82,0.024064571490409,77.5000011482821,0,100,3.0,7,2.2738259310631967e-08
8.825,0.046784906529573234,77.50000056710259,0,100,3.0,7,1.1229754235419834e-08
8.83,0.08141644351188804,77.50000027587154,0,100,3.0,7,5.4628028217596484e-09
8.835,0.12682276464025305,77.50000013218568,0,100,3.0,7,2.617538133437289e-09
8.84,0.1768320708657512,77.500000062387,0,100,3.0,7,1.235386182790787e-09
8.845,0.22070063230473494,77.50000002900254,0,100,3.0,7,5.743076333529454e-10
8.85,0.24656126505113576,77.50000001328037,0,100,3.0,7,2.629776352676183e-10
8.855,0.24656126505724016,77.50000000598986,0,100,3.0,7,1.1861110993273127e-10
8.86,0.220700632329898,77.50000000266107,0,100,3.0,7,5.2694412090096365e-11
8.865,0.17683207093748562,77.50000000116447,0,100,3.0,7,2.3058729843031337e-11
8.87,0.12682276483597799,77.50000000050191,0,100,3.0,7,9.938874805667714e-12
8.875,0.08141644409447898,77.50000000021309,0,100,3.0,7,4.219638939692159e-12
8.88,0.04678490952598309,77.50000000008912,0,100,3.0,7,1.7646786122580548e-12
8.885,0.024064605020532023,77.5000000000367,0,100,3.0,7,7.268641134528074e-13
8.89,0.011080171739334697,77.5000000000149,0,100,3.0,7,2.949104107234e-13
8.895,0.004571212771509492,77.50000000000595,0,100,3.0,7,1.1790788367662653e-13
8.9,0.0017299316936037438,77.50000000000234,0,100,3.0,7,4.6431505505115455e-14
8.905,0.0008899431850697582,77.50000000000091,0,100,3.0,7,1.800979607471145e-14
8.91,0.002128806368910263,77.50000000000034,0,100,3.0,7,6.7536735280167935e-15
8.915,0.009309664818487698,77.50000000000013,0,100,3.0,7,2.5326275730062976e-15
8.92,0.03503263543368747,77.50000000000004,0,100,3.0,7,8.442091910020992e-16
8.925,0.10606267793605692,77.50000000000001,0,100,3.0,7,2.814030636673664e-16
8.93,0.25734927343160535,77.5,0,100,3.0,7,0.0
8.935,0.5003202479539708,77.5,0,100,3.0,7,0.0
8.94,0.7793067891790435,77.5,0,100,3.0,7,0.0
8.945,0.9720477407234077,77.50000295867528,1,100,3.0,7,5.858762933982716e-08
8.95,0.967267334488097,77.50000573588933,0,100,3.0,7,1.1358196696047604e-07
8.955,0.7505869905515209,77.50001183257488,0,100,3.0,7,2.3430841355151967e-07
8.96,0.4028369574773956,77.50002692524943,0,100,3.0,7,5.331732560228707e-07
8.965,0.04553881263121314,77.50006848498596,0,100,3.0,7,1.3561383358330995e-06
8.97,-0.189138810908105,77.50019000364756,0,100,3.0,7,3.7624484665423434e-06
8.975,-0.22868072635956738,77.50054952846868,0,100,3.0,7,1.0881751855081482e-05
8.98,-0.14104670682394166,77.50159055361388,0,100,3.0,7,3.149611116594603e-05
8.985,-0.051158381651102834,77.5044851873146,0,100,3.0,7,8.88155903881213e-05
8.99,-0.008206426846427752,77.51213703464876,0,100,3.0,7,0.00024033731977741548
8.995,0.005350271385530505,77.53126563857143,0,100,3.0,7,0.0006191215558698273
9.0,0.01084668799215426,77.57635492653704,0,100,3.0,7,0.0015119787433076396
9.005,0.016256859896386415,77.67639067140166,0,100,3.0,7,0.003492884582211144
9.01,0.02345021205790711,77.88501562001684,0,100,3.0,7,0.007624071683501865
9.015,0.0330621597308209,78.29354171269637,0,100,3.0,7,0.01571369728111618
9.02,0.04559141319943196,79.04381637661916,0,100,3.0,7,0.03057062131919133
9.025,0.06149084917446989,80.3344428218482,0,100,3.0,7,0.05612758063065741
9.03,0.08111733445924295,82.41059977545191,0,100,3.0,7,0.09723959951389928
9.035,0.1046628598272375,85.52723971113011,0,100,3.0,7,0.15895524180455659
9.04,0.1320831047748631,89.88072367632314,0,100,3.0,7,0.2451628450757058
9.045,0.16303381314489318,95.51631820621935,0,100,3.0,7,0.35675877636077924
9.05,0.19682662652900276,102.23576195411229,0,100,3.0,7,0.4898170683982632
9.055,0.23241585813229,109.54272748408067,0,100,3.0,7,0.6345094551303103
9.06,0.26842527782774417,116.66447953882539,0,100,3.0,7,0.7755342482935721
9.065,0.30321927900592993,122.66887465936992,0,100,3.0,7,0.8944331615716816
9.07,0.3350163137995362,126.66023534251029,0,100,3.0,7,0.9734700067823819
9.075,0.3620352400956416,128.0,0,100,3.0,7,1.0
9.08,0.3826586036805073,126.47807474204686,0,100,3.0,7,0.9698628661791456
9.085,0.39559233134833227,122.37204251675124,0,100,3.0,7,0.8885552973614106
9.09,0.4,116.37169729313081,0,100,3.0,7,0.7697365800619962
9.095,0.39559233134833227,109.3974911834289,0,100,3.0,7,0.6316334887807702
9.1,0.3826586036805073,102.37891335470243,0,100,3.0,7,0.492651749598068
9.105,0.3620352400956416,96.06592941247743,0,100,3.0,7,0.3676421665837115
9.11,0.3350163137995362,90.92347555632232,0,100,3.0,7,0.2658113971548973
9.115,0.3032192790059296,87.12056802491122,0,100,3.0,7,0.1905062975229945
9.12,0.26842527782774417,84.59144492972001,0,100,3.0,7,0.14042465207366361
9.125,0.23241585813229,83.12951116401001,0,100,3.0,7,0.11147546859425765
9.13,0.19682662652900276,82.47746051752661,0,100,3.0,7,0.09856357460448731
9.135,0.16303381314489318,82.39150407042901,0,100,3.0,7,0.09686146674116847
9.14,0.13208310477486307,82.67419152703448,0,100,3.0,7,0.10245923815909862
9.145,0.10466285982723562,83.18184507507237,0,100,3.0,7,0.11251178366479948
9.15,0.08111733445917907,83.81705805815282,0,100,3.0,7,0.12509025857728365
9.155,0.06149084917398798,84.51572366942884,0,100,3.0,7,0.13892522117680867
9.16,0.04559141333598128,85.2346470988757,0,100,3.0,7,0.15316132869060786
9.165,0.03306217087257399,85.9423701012617,0,100,3.0,7,0.16717564556953865
9.17,0.02345067901074276,86.61354000209963,0,100,3.0,7,0.18046613865543815
9.175,0.016268788896435526,87.22608554222725,0,100,3.0,7,0.19259575331143075
9.18,0.011039026374860051,87.76022864529114,0,100,3.0,7,0.20317284446121062
9.185,0.007326255555493689,88.19852100568673,0,100,3.0,7,0.2118519011027075
9.19,0.0047556414315231815,88.5263495487991,0,100,3.0,7,0.21834355542176442
9.195,0.0030193390635632803,88.73256976810211,0,100,3.0,7,0.22242712412083385
9.2,0.001874953127946523,88.81006987750189,0,100,3.0,7,0.22396177975251264
9.205,0.0011387927410965778,88.75615571232208,0,100,3.0,7,0.22289417252122937
9.21,0.0006765107634274089,88.57269907320256,0,100,3.0,7,0.21926136778618924
9.215,0.00039307957404427924,88.26602769355591,0,100,3.0,7,0.213188667199127
9.22,0.00022338910511776318,87.8465622856699,0,100,3.0,7,0.20488242149841396
9.225,0.00012417073320013317,87.32822857412393,0,100,3.0,7,0.1946183876064144
9.23,6.750753468904987e-05,86.72769024603632,0,100,3.0,7,0.18272653952547163
9.235,3.5897234866245036e-05,86.06346160642826,0,100,3.0,7,0.1695734971569953
9.24,1.8670050400879738e-05,85.35496564359354,0,100,3.0,7,0.15554387413056525
9.245,9.497421874143672e-06,84.62160386192369,0,100,3.0,7,0.1410218586519542
9.25,4.725434140340885e-06,83.88189894118692,0,100,3.0,7,0.1263742364591469
9.255,2.299606063738814e-06,83.1527609609214,0,100,3.0,7,0.11193586061230491
9.26,1.0945633976635486e-06,82.44891399542598,0,100,3.0,7,0.09799829693912837
9.265,5.095703414287532e-07,81.78250402610412,0,100,3.0,7,0.08480205992285388
9.27,2.3202944964797243e-07,81.16289307400754,0,100,3.0,7,0.07253253611896122
9.275,1.0333746954038608e-07,80.59662980754183,0,100,3.0,7,0.061319402129541206
9.28,4.501406988770349e-08,80.08757488038495,0,100,3.0,7,0.051239106542276217
9.285,0.0,79.63715071685711,0,100,3.0,7,0.04231981617538826
9.29,0.0,79.2446807233738,0,100,3.0,7,0.034548133136114934
9.295,0.0,78.90778185200384,0,100,3.0,7,0.02787686835651161
9.3,0.0,78.62277659186489,0,100,3.0,7,0.02223319983890874
9.305,0.0,78.38509507620999,0,100,3.0,7,0.017526635172475102
9.31,0.0,78.1896441991558,0,100,3.0,7,0.013656320775362248
9.315,0.0,78.0311275608155,0,100,3.0,7,0.010517377441891202
9.32,0.0,77.90430692146866,0,100,3.0,7,0.008006077652844746
9.325,0.0,77.80420202598842,0,100,3.0,7,0.006023802494820135
9.33,0.0,77.72623073981798,0,100,3.0,7,0.004479816630058982
9.335,0.0,77.66629520125095,0,100,3.0,7,0.003292974282196959
9.34,0.0,77.62082210727883,0,100,3.0,7,0.0023925169758183414
9.345,0.0,77.58676642080745,0,100,3.0,7,0.0017181469466821806
9.35,0.0,77.56158792145219,0,100,3.0,7,0.0012195628010334026
9.355,0.0,77.5432093764747,0,100,3.0,7,0.0008556312173209223
9.36,0.0,77.52996394830834,0,100,3.0,7,0.0005933455110561461
9.365,0.0,77.5205380244591,0,100,3.0,7,0.0004066935536455406
9.37,0.0,77.51391415644198,0,100,3.0,7,0.00027552785033632595
9.375,0.0,77.50931737735736,0,100,3.0,7,0.00018450252192797007
9.38,0.0,77.50616693080607,0,100,3.0,7,0.00012211744170444224
9.385,0.0,77.50403443807636,0,100,3.0,7,7.988986289821678e-05
9.39,0.0,77.50260876896958,0,100,3.0,7,5.16587914768308e-05
9.395,0.0,77.50166734999985,0,100,3.0,7,3.301683168017754e-05
9.4,0.0,77.50105331074691,0,100,3.0,7,2.0857638552703102e-05
9.405,0.0,77.50065769546079,0,100,3.0,7,1.302367249085103e-05
9.41,0.0,77.50040591187926,0,100,3.0,7,8.037858995156975e-06
9.415,0.0,77.50024761518029,0,100,3.0,7,4.903270896737931e-06
9.42,0.0,77.50014930053305,0,100,3.0,7,2.9564461990705944e-06
9.425,0.0,77.50008897828656,0,100,3.0,7,1.7619462684283146e-06
9.43,0.0,77.50005241375882,0,100,3.0,7,1.0378962143152935e-06
9.435,0.0,77.50003051723355,0,100,3.0,7,6.043016545426875e-07
9.44,0.0,77.50001756238949,0,100,3.0,7,3.4777008886296675e-07
9.445,0.0,77.50000998988837,0,100,3.0,7,1.9781957166292114e-07
9.45,0.0,77.50000561663568,0,100,3.0,7,1.112205084290067e-07
9.455,0.0,77.50000312126369,0,100,3.0,7,6.180720175048054e-08
9.46,0.0,77.5000017144438,0,100,3.0,7,3.394938213060945e-08
9.465,0.001684486749771458,77.50000093079628,0,100,3.0,7,1.8431609418041604e-08
9.47,0.00456624331333666,77.50000049948748,0,100,3.0,7,9.890841272521141e-09
9.475,0.011079731271581421,77.50000026493123,0,100,3.0,7,5.2461629847769445e-09
9.48,0.024064571490409,77.50000013889299,0,100,3.0,7,2.7503561584423307e-09
9.485,0.046784906529573234,77.50000007197241,0,100,3.0,7,1.4251962074742533e-09
9.49,0.08141644351188804,77.50000003686297,0,100,3.0,7,7.299598285562122e-10
9.495,0.12682276464025305,77.5000000186618,0,100,3.0,7,3.6954047302943125e-10
9.5,0.1768320708657512,77.50000000933802,0,100,3.0,7,1.8491136015114481e-10
9.505,0.22070063230473494,77.50000000461843,0,100,3.0,7,9.145402587044841e-11
9.51,0.24656126505113576,77.50000000225774,0,100,3.0,7,4.470763033708917e-11
9.515,0.24656126505724016,77.50000000109091,0,100,3.0,7,2.160218758548905e-11
9.52,0.220700632329898,77.50000000052101,0,100,3.0,7,1.0317080523236655e-11
9.525,0.17683207093748562,77.50000000024595,0,100,3.0,7,4.870242822891111e-12
9.53,0.12682276483597799,77.50000000011475,0,100,3.0,7,2.2723297391139838e-12
9.535,0.08141644409447898,77.50000000005292,0,100,3.0,7,1.0479450090972725e-12
9.54,0.04678490952598309,77.50000000002413,0,100,3.0,7,4.778224021071881e-13
9.545,0.024064605020532023,77.50000000001087,0,100,3.0,7,2.152733437055353e-13
9.55,0.011080171739334697,77.50000000000485,0,100,3.0,7,9.595844471057194e-14
9.555,0.004571212771509492,77.50000000000213,0,100,3.0,7,4.221045955010496e-14
9.56,0.0017299316936037438,77.50000000000092,0,100,3.0,7,1.8291199138378817e-14
9.565,0.0008899431850697582,77.5000000000004,0,100,3.0,7,7.87928578268626e-15
9.57,0.002128806368910263,77.50000000000017,0,100,3.0,7,3.3768367640083968e-15
9.575,0.009309664818487698,77.50000000000007,0,100,3.0,7,1.4070153183368321e-15
9.58,0.03503263543368747,77.50000000000003,0,100,3.0,7,5.628061273347328e-16
9.585,0.10606267793605692,77.50000000000001,0,100,3.0,7,2.814030636673664e-16
9.59,0.25734927343160535,77.5,0,100,3.0,7,0.0
9.595,0.5003202479539708,77.5,0,100,3.0,7,0.0
9.6,0.7793067891790435,77.5,0,100,3.0,7,0.0
9.605,0.9720477407234077,77.50000296417907,1,100,3.0,7,5.8696615339370215e-08
9.61,0.967267334488097,77.50000671426626,0,100,3.0,7,1.3295576758366115e-07
9.615,0.7505869905515209,77.50001690807775,0,100,3.0,7,3.3481342086923917e-07
9.62,0.4028369574773956,77.50004998152149,0,100,3.0,7,9.897330987161408e-07
9.625,0.04553881263121314,77.50017093493624,0,100,3.0,7,3.3848502224904368e-06
9.63,-0.189138810908105,77.50062682696246,0,100,3.0,7,1.2412415098215026e-05
9.635,-0.22868072635956738,77.50228951654114,0,100,3.0,7,4.533696121069003e-05
9.64,-0.14104670682394166,77.50797121731352,0,100,3.0,8,0.00015784588739653274
9.645,-0.051158381651102834,77.52589581734757,0,100,3.0,8,0.0005127884623282125
9.65,-0.008206426846427752,77.57774358530986,0,100,3.0,8,0.001539476936828929
9.655,0.005350271385530505,77.7147515715821,0,100,3.0,8,0.00425250636796235
9.66,0.01084668799215426,78.04471478880228,0,100,3.0,8,0.01078643146143131
9.665,0.016256859896386415,78.76748649806238,0,100,3.0,8,0.02509874253588876
9.67,0.02345021205790711,80.20427167320135,0,100,3.0,8,0.05354993412279896
9.675,0.0330621597308209,82.78911922275384,0,100,3.0,8,0.10473503411393742
9.68,0.04559141319943196,86.98172744251318,0,100,3.0,8,0.18775697905966685
9.685,0.06149084917446989,93.07887730032347,0,100,3.0,8,0.30849261980838555
9.69,0.08111733445924295,100.95962721250167,0,100,3.0,8,0.4645470735148846
9.695,0.1046628598272375,109.87793025058434,0,100,3.0,8,0.6411471336749375
9.7,0.1320831047748631,118.45853789884562,0,100,3.0,8,0.8110601564127845
9.705,0.16303381314489318,124.99616767138359,0,100,3.0,8,0.9405181717105661
9.71,0.19682662652900276,128.0,0,100,3.0,8,1.0
9.715,0.23241585813229,126.75356838385197,0,100,3.0,8,0.9753181858188509
9.72,0.26842527782774417,121.60504184108623,0,100,3.0,8,0.8733671651700244
9.725,0.30321927900592993,113.82915829348634,0,100,3.0,8,0.7193892731383434
9.73,0.3350163137995362,105.1368956240279,0,100,3.0,8,0.5472652598817406
9.735,0.3620352400956416,97.09121900543379,0,100,3.0,8,0.387944930800669
9.74,0.3826586036805073,90.69899581482312,0,100,3.0,8,0.2613662537588737
9.745,0.39559233134833227,86.30643547151764,0,100,3.0,8,0.1743848608221316
9.75,0.4,83.74771204094193,0,100,3.0,8,0.12371707011766206
9.755,0.39559233134833227,82.59820551494997,0,100,3.0,8,0.1009545646524746
9.76,0.3826586036805073,82.39507218456649,0,100,3.0,8,0.09693212246666312
9.765,0.3620352400956416,82.76100457002498,0,100,3.0,8,0.10417830831732633
9.77,0.3350163137995362,83.43701275683196,0,100,3.0,8,0.11756460904617747
9.775,0.3032192790059296,84.26274473002995,0,100,3.0,8,0.13391573722831585
9.78,0.26842527782774417,85.14136714527861,0,100,3.0,8,0.1513142008966061
9.785,0.23241585813229,86.00990517918865,0,100,3.0,8,0.1685129738453198
9.79,0.19682662652900276,86.82112236316677,0,100,3.0,8,0.1845766804587478
9.795,0.16303381314489318,87.53521333823748,0,100,3.0,8,0.19871709580668284
9.8,0.13208310477486307,88.11753774701205,0,100,3.0,8,0.21024827221806042
9.805,0.10466285982723562,88.53926927071664,0,100,3.0,8,0.2185993914993395
9.81,0.08111733445917907,88.77902403173812,0,100,3.0,8,0.22334701052946768
9.815,0.06149084917398798,88.82443075630417,0,100,3.0,8,0.22424615359018152
9.82,0.04559141333598128,88.67312595457363,0,100,3.0,8,0.22125001890244822
9.825,0.03306217087257399,88.33294216334119,0,100,3.0,8,0.21451370620477597
9.83,0.02345067901074276,87.8212325486588,0,100,3.0,8,0.20438084254769898
9.835,0.016268788896435526,87.16340340705206,0,100,3.0,8,0.19135452291192195
9.84,0.011039026374860051,86.39082504390485,0,100,3.0,8,0.17605594146346246
9.845,0.007326255555493689,85.53835951391795,0,100,3.0,8,0.15917543591916739
9.85,0.0047556414315231815,84.64177552213825,0,100,3.0,8,0.1414212974680841
9.855,0.0030193390635632803,83.73531462915751,0,100,3.0,8,0.12347157681500029
9.86,0.001874953127946523,82.8496326055666,0,100,3.0,8,0.10593331892211084
9.865,0.0011387927410965778,82.01027424192745,0,100,3.0,8,0.0893123612262861
9.87,0.0006765107634274089,81.23676123804874,0,100,3.0,8,0.07399527204056917
9.875,0.00039307957404427924,80.54229383076677,0,100,3.0,8,0.06024344219340132
9.88,0.00022338910511776318,79.93399886750076,0,100,3.0,8,0.04819799737625271
9.885,0.00012417073320013317,79.41360807300065,0,100,3.0,8,0.037893229168329615
9.89,6.750753468904987e-05,78.97842407043797,0,100,3.0,8,0.029275724167088454
9.895,3.5897234866245036e-05,78.62242792395355,0,100,3.0,8,0.022226295523832713
9.9,1.8670050400879738e-05,78.33739682142036,0,100,3.0,8,0.016582115275650608
9.905,9.497421874143672e-06,78.11392816965889,0,100,3.0,8,0.0121569934585919
9.91,4.725434140340885e-06,77.9423002876319,0,100,3.0,8,0.008758421537265242
9.915,2.299606063738814e-06,77.81313404636992,0,100,3.0,8,0.006200674185543062
9.92,1.0945633976635486e-06,77.7178495995346,0,100,3.0,8,0.004313853456130745
9.925,5.095703414287532e-07,77.64893495872354,0,100,3.0,8,0.002949207103436511
9.93,2.3202944964797243e-07,77.60005756748029,0,100,3.0,8,0.0019813379699067666
9.935,1.0333746954038608e-07,77.56605666430328,0,100,3.0,8,0.0013080527584806965
9.94,4.501406988770349e-08,77.54285453088583,0,100,3.0,8,0.0008486045719966978
9.945,0.0,77.5273206016611,0,100,3.0,8,0.0005410020130911431
9.95,0.0,77.51711579911962,0,100,3.0,8,0.0003389267152400488
9.955,0.0,77.5105370128528,0,100,3.0,8,0.00020865371985730172
9.96,0.0,77.50637457516568,0,100,3.0,8,0.00012622921120157684
9.965,0.0,77.50378964379554,0,100,3.0,8,7.504245139688068e-05
9.97,0.0,77.50221390480374,0,100,3.0,8,4.3839699083937465e-05
9.975,0.0,77.50127096298368,0,100,3.0,8,2.5167583835287354e-05
9.98,0.0,77.5007170018383,0,100,3.0,8,1.4198056203890746e-05
9.985,0.0,77.5003974852742,0,100,3.0,8,7.870995528834317e-06
9.99,0.0,77.50021653855089,0,100,3.0,8,4.287892096780893e-06
9.995,0.0,77.50011592118605,0,100,3.0,8,2.2954690307145002e-06
10.0,0.0,77.50006098230187,0,100,3.0,8,1.2075703341564587e-06
10.005,0.001684486749771458,77.50003152522672,0,100,3.0,8,6.2426191519053e-07
10.01,0.00456624331333666,77.50001601496638,0,100,3.0,8,3.1712804707015015e-07
10.015,0.011079731271581421,77.5000079947935,0,100,3.0,8,1.5831274269955187e-07
10.02,0.024064571490409,77.50000392194843,0,100,3.0,8,7.766234521924243e-08
10.025,0.046784906529573234,77.50000189064467,0,100,3.0,8,3.743850828472529e-08
10.03,0.08141644351188804,77.50000089563562,0,100,3.0,8,1.7735358862482105e-08
10.035,0.12682276464025305,77.50000041693293,0,100,3.0,8,8.256097710880856e-09
10.04,0.1768320708657512,77.500000190728,0,100,3.0,8,3.776792124368188e-09
10.045,0.22070063230473494,77.50000008573855,0,100,3.0,8,1.697793043667213e-09
10.05,0.24656126505113576,77.50000003787487,0,100,3.0,8,7.499974151077107e-10
10.055,0.24656126505724016,77.50000001644143,0,100,3.0,8,3.255729327497872e-10
10.06,0.220700632329898,77.50000000701361,0,100,3.0,8,1.3888338663932835e-10
10.065,0.17683207093748562,77.50000000294007,0,100,3.0,8,5.821919843907777e-11
10.07,0.12682276483597799,77.50000000121112,0,100,3.0,8,2.3982576101051303e-11
10.075,0.08141644409447898,77.50000000049026,0,100,3.0,8,9.708124293460474e-12
10.08,0.04678490952598309,77.50000000019502,0,100,3.0,8,3.8616942427072695e-12
10.085,0.024064605020532023,77.50000000007623,0,100,3.0,8,1.5094460335117535e-12
10.09,0.011080171739334697,77.50000000002929,0,100,3.0,8,5.799717142184422e-13
10.095,0.004571212771509492,77.50000000001106,0,100,3.0,8,2.1893158353321106e-13
10.1,0.0017299316936037438,77.50000000000409,0,100,3.0,8,8.104408233620152e-14
10.105,0.0008899431850697582,77.50000000000149,0,100,3.0,8,2.9547321685073474e-14
10.11,0.002128806368910263,77.50000000000054,0,100,3.0,8,1.0693316419359924e-14
10.115,0.009309664818487698,77.50000000000018,0,100,3.0,8,3.6582398276757634e-15
10.12,0.03503263543368747,77.50000000000007,0,100,3.0,8,1.4070153183368321e-15
10.125,0.10606267793605692,77.50000000000003,0,100,3.0,8,5.628061273347328e-16
10.13,0.25734927343160535,77.5,0,100,3.0,8,0.0
10.135,0.5003202479539708,77.5,0,100,3.0,8,0.0
10.14,0.7793067891790435,77.5,0,100,3.0,8,0.0
10.145,0.9720477407234077,77.5000029761183,1,100,3.0,8,5.8933035560504224e-08
10.15,0.967267334488097,77.50000618532628,0,100,3.0,8,1.2248170861258217e-07
10.155,0.7505869905515209,77.50001392552794,0,100,3.0,8,2.7575302847298647e-07
10.16,0.4028369574773956,77.50003551779191,0,100,3.0,8,7.033226121719882e-07
10.165,0.04553881263121314,77.50010313559092,0,100,3.0,8,2.0422889290915523e-06
10.17,-0.189138810908105,77.50032572609189,0,100,3.0,8,6.450021621528529e-06
10.175,-0.22868072635956738,77.50105352781613,0,100,3.0,8,2.0861936952983477e-05
10.18,-0.14104670682394166,77.50333849843346,0,100,3.0,8,6.610887987058545e-05
10.185,-0.051158381651102834,77.51010867794061,0,100,3.0,8,0.00020017184040806803
10.19,-0.008206426846427752,77.52887923627338,0,100,3.0,8,0.0005718660648194646
10.195,0.005350271385530505,77.57736547743413,0,100,3.0,8,0.0015319896521609532
10.2,0.01084668799215426,77.6937614840257,0,100,3.0,8,0.003836861069815838
10.205,0.016256859896386415,77.95299178483792,0,100,3.0,8,0.008970134353226137
10.21,0.02345021205790711,78.48782060961162,0,100,3.0,8,0.019560804150725097
10.215,0.0330621597308209,79.50840637712494,0,100,3.0,8,0.03977042330940479
10.22,0.04559141319943196,81.30639038119868,0,100,3.0,8,0.07537406695442934
10.225,0.06149084917446989,84.22371682098306,0,100,3.0,8,0.13314290734619916
10.23,0.08111733445924295,88.56905596488694,0,100,3.0,8,0.2191892270274642
10.235,0.1046628598272375,94.48254071967199,0,100,3.0,8,0.3362879350430097
10.24,0.1320831047748631,101.78187771882364,0,100,3.0,8,0.4808292617588839
10.245,0.16303381314489318,109.85607098931862,0,100,3.0,8,0.6407142770162104
10.25,0.19682662652900276,117.68289868067583,0,100,3.0,8,0.7957009639737789
10.255,0.23241585813229,124.01296766753546,0,100,3.0,8,0.9210488647036725
10.26,0.26842527782774417,127.69015041412591,0,100,3.0,8,0.9938643646361566
10.265,0.30321927900592993,128.0,0,100,3.0,8,1.0
10.27,0.3350163137995362,124.90331438199323,0,100,3.0,8,0.9386794927127372
10.275,0.3620352400956416,119.0509908262225,0,100,3.0,8,0.8227918975489604
10.28,0.3826586036805073,111.57334395352093,0,100,3.0,8,0.6747196822479392
10.285,0.39559233134833227,103.73799888891169,0,100,3.0,8,0.5195643344338948
10.29,0.4,96.61848240541384,0,100,3.0,8,0.3785838100081949
10.295,0.39559233134833227,90.88948241854119,0,100,3.0,8,0.265138265713687
10.3,0.3826586036805073,86.7893676493135,0,100,3.0,8,0.18394787424383177
10.305,0.3620352400956416,84.21448228450262,0,100,3.0,8,0.13296004523767568
10.31,0.3350163137995362,82.8706742557033,0,100,3.0,8,0.10634998526145162
10.315,0.3032192790059296,82.41285373443978,0,100,3.0,8,0.09728423236514412
10.32,0.26842527782774417,82.53508919471457,0,100,3.0,8,0.09970473652900144
10.325,0.23241585813229,83.00723630449004,0,100,3.0,8,0.10905418424732743
10.33,0.19682662652900276,83.67399525905368,0,100,3.0,8,0.12225733186244916
10.335,0.16303381314489318,84.43655035035052,0,100,3.0,8,0.13735743268020822
10.34,0.13208310477486307,85.23167363197578,0,100,3.0,8,0.15310244815793625
10.345,0.10466285982723562,86.01556443973125,0,100,3.0,8,0.1686250384105198
10.35,0.08111733445917907,86.75400535564901,0,100,3.0,8,0.18324763080493095
10.355,0.06149084917398798,87.41763420030695,0,100,3.0,8,0.19638879604568216
10.36,0.04559141333598128,87.98046505761806,0,100,3.0,8,0.20753396153699133
10.365,0.03306217087257399,88.42010861624007,0,100,3.0,8,0.2162397745790113
10.37,0.02345067901074276,88.71867720825321,0,100,3.0,8,0.22215202392580616
10.375,0.016268788896435526,88.86378878992376,0,100,3.0,8,0.2250255205925497
10.38,0.011039026374860051,88.84935272165478,0,100,3.0,8,0.22473965785455013
10.385,0.007326255555493689,88.67597412457343,0,100,3.0,8,0.22130641830838474
10.39,0.0047556414315231815,88.3509063891692,0,100,3.0,8,0.21486943344889498
10.395,0.0030193390635632803,87.88754641372572,0,100,3.0,8,0.20569398839060823
10.4,0.001874953127946523,87.30451845386142,0,100,3.0,8,0.19414888027448354
10.405,0.0011387927410965778,86.62443306399382,0,100,3.0,8,0.18068184285136277
10.41,0.0006765107634274089,85.87243609243906,0,100,3.0,8,0.16579081371166454
10.415,0.00039307957404427924,85.07467708397961,0,100,3.0,8,0.1499936056233586
10.42,0.00022338910511776318,84.25682600304509,0,100,3.0,8,0.13379853471376418
10.425,0.00012417073320013317,83.4427529734118,0,100,3.0,8,0.11767827670122376
10.43,6.750753468904987e-05,82.65346049137668,0,100,3.0,8,0.10204872260151836
10.435,3.5897234866245036e-05,81.90632528007868,0,100,3.0,8,0.087253965942152
10.44,1.8670050400879738e-05,81.21467213191562,0,100,3.0,8,0.07355786399832911
10.445,9.497421874143672e-06,80.58766909939999,0,100,3.0,8,0.06114196236435621
10.45,4.725434140340885e-06,80.03050585017243,0,100,3.0,8,0.05010902673608776
10.455,2.299606063738814e-06,79.54479733357823,0,100,3.0,8,0.04049103630847982
10.46,1.0945633976635486e-06,79.12914419384192,0,100,3.0,8,0.03226028106617671
10.465,5.095703414287532e-07,78.77977938473101,0,100,3.0,8,0.025342166034277518
10.47,2.3202944964797243e-07,78.49123590647207,0,100,3.0,8,0.019628433791526147
10.475,1.0333746954038608e-07,78.25698150946495,0,100,3.0,8,0.014989732860692077
10.48,4.501406988770349e-08,78.06998030229119,0,100,3.0,8,0.01128673865923139
10.485,0.0,77.9231562441036,0,100,3.0,8,0.008379331566407817
10.49,0.0,77.80974762879951,0,100,3.0,8,0.006133616411871556
10.495,0.0,77.72355354312545,0,100,3.0,8,0.004426802834167279
10.5,0.0,77.65908215107021,0,100,3.0,8,0.0031501416053506637
10.505,0.0,77.61161631556492,0,100,3.0,8,0.002210224070592399
10.51,0.0,77.5772147447986,0,100,3.0,8,0.0015290048474969466
10.515,0.0,77.55266706642777,0,100,3.0,8,0.001042912206490556
10.52,0.0,77.53541965668042,0,100,3.0,8,0.0007013793402062909
10.525,0.0,77.52348636988228,0,100,3.0,8,0.0004650766313322339
10.53,0.0,77.51535513982303,0,100,3.0,8,0.00030406217471344875
10.535,0.0,77.50989824011825,0,100,3.0,8,0.0001960047548167684
10.54,0.0,77.50629112804937,0,100,3.0,8,0.00012457679305681935
10.545,0.0,77.50394244274653,0,100,3.0,8,7.80681731987105e-05
10.55,0.0,77.50243595126653,0,100,3.0,8,4.8236658743251e-05
10.555,0.0,77.50148401443865,0,100,3.0,8,2.9386424527632303e-05
10.56,0.0,77.50089140278692,0,100,3.0,8,1.7651540335041004e-05
10.565,0.0,77.50052792980212,0,100,3.0,8,1.045405548748337e-05
10.57,0.0,77.50030827953894,0,100,3.0,8,6.104545325579148e-06
10.575,0.0,77.50017749231459,0,100,3.0,8,3.5146992988441947e-06
10.58,0.0,77.5001007582777,0,100,3.0,8,1.995213419730693e-06
10.585,0.0,77.50005639599301,0,100,3.0,8,1.1167523368975266e-06
10.59,0.0,77.50003112304574,0,100,3.0,8,6.162979355277718e-07
10.595,0.0,77.5000169348855,0,100,3.0,8,3.35344267206424e-07
10.6,0.0,77.50000908549865,0,100,3.0,8,1.7991086429217397e-07
10.605,0.001684486749771458,77.50000480597605,0,100,3.0,8,9.516784252179542e-08
10.61,0.00456624331333666,77.50000250657536,0,100,3.0,8,4.963515556762041e-08
10.615,0.011079731271581421,77.50000128898024,0,100,3.0,8,2.5524361256042774e-08
10.62,0.024064571490409,77.5000006535489,0,100,3.0,8,1.2941562277269936e-08
10.625,0.046784906529573234,77.5000003267204,0,100,3.0,8,6.469710822082309e-09
10.63,0.08141644351188804,77.50000016104258,0,100,3.0,8,3.1889619481937712e-09
10.635,0.12682276464025305,77.50000007826571,0,100,3.0,8,1.5498161170254738e-09
10.64,0.1768320708657512,77.50000003750323,0,100,3.0,8,7.426381621866816e-10
10.645,0.22070063230473494,77.50000001771872,0,100,3.0,8,3.508657215152738e-10
10.65,0.24656126505113576,77.50000000825395,0,100,3.0,8,1.6344452743927976e-10
10.655,0.24656126505724016,77.50000000379104,0,100,3.0,8,7.5070176697607e-11
10.66,0.220700632329898,77.5000000017168,0,100,3.0,8,3.399602271859087e-11
10.665,0.17683207093748562,77.50000000076656,0,100,3.0,8,1.517944406034508e-11
10.67,0.12682276483597799,77.50000000033748,0,100,3.0,8,6.682759955972617e-12
10.675,0.08141644409447898,77.50000000014649,0,100,3.0,8,2.900702780283213e-12
10.68,0.04678490952598309,77.5000000000627,0,100,3.0,8,1.2415503169004206e-12
10.685,0.024064605020532023,77.50000000002646,0,100,3.0,8,5.239725045486363e-13
10.69,0.011080171739334697,77.50000000001101,0,100,3.0,8,2.1808737434220896e-13
10.695,0.004571212771509492,77.50000000000452,0,100,3.0,8,8.948617424622252e-14
10.7,0.0017299316936037438,77.50000000000182,0,100,3.0,8,3.60195921494229e-14
10.705,0.0008899431850697582,77.50000000000072,0,100,3.0,8,1.4351556247035687e-14
10.71,0.002128806368910263,77.50000000000028,0,100,3.0,8,5.6280612733473285e-15
10.715,0.009309664818487698,77.50000000000011,0,100,3.0,8,2.2512245093389313e-15
10.72,0.03503263543368747,77.50000000000004,0,100,3.0,8,8.442091910020992e-16
10.725,0.10606267793605692,77.50000000000001,0,100,3.0,8,2.814030636673664e-16
10.73,0.25734927343160535,77.5,0,100,3.0,8,0.0
10.735,0.5003202479539708,77.5,0,100,3.0,8,0.0
10.74,0.7793067891790435,77.5,0,100,3.0,8,0.0
10.745,0.9720477407234077,77.50000296417907,1,100,3.0,8,5.8696615339370215e-08
10.75,0.967267334488097,77.50000671426626,0,100,3.0,8,1.3295576758366115e-07
10.755,0.7505869905515209,77.50001690807775,0,100,3.0,8,3.3481342086923917e-07
10.76,0.4028369574773956,77.50004998152149,0,100,3.0,8,9.897330987161408e-07
10.765,0.04553881263121314,77.50017093493624,0,100,3.0,8,3.3848502224904368e-06
10.77,-0.189138810908105,77.50062682696246,0,100,3.0,8,1.2412415098215026e-05
10.775,-0.22868072635956738,77.50228951654114,0,100,3.0,8,4.533696121069003e-05
10.78,-0.14104670682394166,77.50797121731352,0,100,3.0,8,0.00015784588739653274
10.785,-0.051158381651102834,77.52589581734757,0,100,3.0,8,0.0005127884623282125
10.79,-0.008206426846427752,77.57774358530986,0,100,3.0,8,0.001539476936828929
10.795,0.005350271385530505,77.7147515715821,0,100,3.0,8,0.00425250636796235
10.8,0.01084668799215426,78.04471478880228,0,100,3.0,8,0.01078643146143131
10.805,0.016256859896386415,78.76748649806238,0,100,3.0,8,0.02509874253588876
10.81,0.02345021205790711,80.20427167320135,0,100,3.0,8,0.05354993412279896
10.815,0.0330621597308209,82.78911922275384,0,100,3.0,8,0.10473503411393742
10.82,0.04559141319943196,86.98172744251318,0,100,3.0,8,0.18775697905966685
10.825,0.06149084917446989,93.07887730032347,0,100,3.0,8,0.30849261980838555
10.83,0.08111733445924295,100.95962721250167,0,100,3.0,8,0.4645470735148846
10.835,0.1046628598272375,109.87793025058434,0,100,3.0,8,0.6411471336749375
10.84,0.1320831047748631,118.45853789884562,0,100,3.0,8,0.8110601564127845
10.845,0.16303381314489318,124.99616767138359,0,100,3.0,9,0.9405181717105661
10.85,0.19682662652900276,128.0,0,100,3.0,9,1.0
10.855,0.23241585813229,126.75356838385197,0,100,3.0,9,0.9753181858188509
10.86,0.26842527782774417,121.60504184108623,0,100,3.0,9,0.8733671651700244
10.865,0.30321927900592993,113.82915829348634,0,100,3.0,9,0.7193892731383434
10.87,0.3350163137995362,105.1368956240279,0,100,3.0,9,0.5472652598817406
10.875,0.3620352400956416,97.09121900543379,0,100,3.0,9,0.387944930800669
10.88,0.3826586036805073,90.69899581482312,0,100,3.0,9,0.2613662537588737
10.885,0.39559233134833227,86.30643547151764,0,100,3.0,9,0.1743848608221316
10.89,0.4,83.74771204094193,0,100,3.0,9,0.12371707011766206
10.895,0.39559233134833227,82.59820551494997,0,100,3.0,9,0.1009545646524746
10.9,0.3826586036805073,82.39507218456649,0,100,3.0,9,0.09693212246666312
10.905,0.3620352400956416,82.76100457002498,0,100,3.0,9,0.10417830831732633
10.91,0.3350163137995362,83.43701275683196,0,100,3.0,9,0.11756460904617747
10.915,0.3032192790059296,84.26274473002995,0,100,3.0,9,0.13391573722831585
10.92,0.26842527782774417,85.14136714527861,0,100,3.0,9,0.1513142008966061
10.925,0.23241585813229,86.00990517918865,0,100,3.0,9,0.1685129738453198
10.93,0.19682662652900276,86.82112236316677,0,100,3.0,9,0.1845766804587478
10.935,0.16303381314489318,87.53521333823748,0,100,3.0,9,0.19871709580668284
10.94,0.13208310477486307,88.11753774701205,0,100,3.0,9,0.21024827221806042
10.945,0.10466285982723562,88.53926927071664,0,100,3.0,9,0.2185993914993395
10.95,0.08111733445917907,88.77902403173812,0,100,3.0,9,0.22334701052946768
10.955,0.06149084917398798,88.82443075630417,0,100,3.0,9,0.22424615359018152
10.96,0.04559141333598128,88.67312595457363,0,100,3.0,9,0.22125001890244822
10.965,0.03306217087257399,88.33294216334119,0,100,3.0,9,0.21451370620477597
10.97,0.02345067901074276,87.8212325486588,0,100,3.0,9,0.20438084254769898
10.975,0.016268788896435526,87.16340340705206,0,100,3.0,9,0.19135452291192195
10.98,0.011039026374860051,86.39082504390485,0,100,3.0,9,0.17605594146346246
10.985,0.007326255555493689,85.53835951391795,0,100,3.0,9,0.15917543591916739
10.99,0.0047556414315231815,84.64177552213825,0,100,3.0,9,0.1414212974680841
10.995,0.0030193390635632803,83.73531462915751,0,100,3.0,9,0.12347157681500029
11.0,0.001874953127946523,82.8496326055666,0,100,3.0,9,0.10593331892211084
11.005,0.0011387927410965778,82.01027424192745,0,100,3.0,9,0.0893123612262861
11.01,0.0006765107634274089,81.23676123804874,0,100,3.0,9,0.07399527204056917
11.015,0.00039307957404427924,80.54229383076677,0,100,3.0,9,0.06024344219340132
11.02,0.00022338910511776318,79.93399886750076,0,100,3.0,9,0.04819799737625271
11.025,0.00012417073320013317,79.41360807300065,0,100,3.0,9,0.037893229168329615
11.03,6.750753468904987e-05,78.97842407043797,0,100,3.0,9,0.029275724167088454
11.035,3.5897234866245036e-05,78.62242792395355,0,100,3.0,9,0.022226295523832713
11.04,1.8670050400879738e-05,78.33739682142036,0,100,3.0,9,0.016582115275650608
11.045,9.497421874143672e-06,78.11392816965889,0,100,3.0,9,0.0121569934585919
11.05,4.725434140340885e-06,77.9423002876319,0,100,3.0,9,0.008758421537265242
11.055,2.299606063738814e-06,77.81313404636992,0,100,3.0,9,0.006200674185543062
11.06,1.0945633976635486e-06,77.7178495995346,0,100,3.0,9,0.004313853456130745
11.065,5.095703414287532e-07,77.64893495872354,0,100,3.0,9,0.002949207103436511
11.07,2.3202944964797243e-07,77.60005756748029,0,100,3.0,9,0.0019813379699067666
11.075,1.0333746954038608e-07,77.56605666430328,0,100,3.0,9,0.0013080527584806965
11.08,4.501406988770349e-08,77.54285453088583,0,100,3.0,9,0.0008486045719966978
11.085,0.0,77.5273206016611,0,100,3.0,9,0.0005410020130911431
11.09,0.0,77.51711579911962,0,100,3.0,9,0.0003389267152400488
11.095,0.0,77.5105370128528,0,100,3.0,9,0.00020865371985730172
11.1,0.0,77.50637457516568,0,100,3.0,9,0.00012622921120157684
11.105,0.0,77.50378964379554,0,100,3.0,9,7.504245139688068e-05
11.11,0.0,77.50221390480374,0,100,3.0,9,4.3839699083937465e-05
11.115,0.0,77.50127096298368,0,100,3.0,9,2.5167583835287354e-05
11.12,0.0,77.5007170018383,0,100,3.0,9,1.4198056203890746e-05
11.125,0.0,77.5003974852742,0,100,3.0,9,7.870995528834317e-06
11.13,0.0,77.50021653855089,0,100,3.0,9,4.287892096780893e-06
11.135,0.0,77.50011592118605,0,100,3.0,9,2.2954690307145002e-06
11.14,0.0,77.50006098230187,0,100,3.0,9,1.2075703341564587e-06
11.145,0.001684486749771458,77.50003152522672,0,100,3.0,9,6.2426191519053e-07
11.15,0.00456624331333666,77.50001601496638,0,100,3.0,9,3.1712804707015015e-07
11.155,0.011079731271581421,77.5000079947935,0,100,3.0,9,1.5831274269955187e-07
11.16,0.024064571490409,77.50000392194843,0,100,3.0,9,7.766234521924243e-08
11.165,0.046784906529573234,77.50000189064467,0,100,3.0,9,3.743850828472529e-08
11.17,0.08141644351188804,77.50000089563562,0,100,3.0,9,1.7735358862482105e-08
11.175,0.12682276464025305,77.50000041693293,0,100,3.0,9,8.256097710880856e-09
11.18,0.1768320708657512,77.500000190728,0,100,3.0,9,3.776792124368188e-09
11.185,0.22070063230473494,77.50000008573855,0,100,3.0,9,1.697793043667213e-09
11.19,0.24656126505113576,77.50000003787487,0,100,3.0,9,7.499974151077107e-10
11.195,0.24656126505724016,77.50000001644143,0,100,3.0,9,3.255729327497872e-10
11.2,0.220700632329898,77.50000000701361,0,100,3.0,9,1.3888338663932835e-10
11.205,0.17683207093748562,77.50000000294007,0,100,3.0,9,5.821919843907777e-11
11.21,0.12682276483597799,77.50000000121112,0,100,3.0,9,2.3982576101051303e-11
11.215,0.08141644409447898,77.50000000049026,0,100,3.0,9,9.708124293460474e-12
11.22,0.04678490952598309,77.50000000019502,0,100,3.0,9,3.8616942427072695e-12
11.225,0.024064605020532023,77.50000000007623,0,100,3.0,9,1.5094460335117535e-12
11.23,0.011080171739334697,77.50000000002929,0,100,3.0,9,5.799717142184422e-13
11.235,0.004571212771509492,77.50000000001106,0,100,3.0,9,2.1893158353321106e-13
11.24,0.0017299316936037438,77.50000000000409,0,100,3.0,9,8.104408233620152e-14
11.245,0.0008899431850697582,77.50000000000149,0,100,3.0,9,2.9547321685073474e-14
11.25,0.002128806368910263,77.50000000000054,0,100,3.0,9,1.0693316419359924e-14
11.255,0.009309664818487698,77.50000000000018,0,100,3.0,9,3.6582398276757634e-15
11.26,0.03503263543368747,77.50000000000007,0,100,3.0,9,1.4070153183368321e-15
11.265,0.10606267793605692,77.50000000000003,0,100,3.0,9,5.628061273347328e-16
11.27,0.25734927343160535,77.5,0,100,3.0,9,0.0
11.275,0.5003202479539708,77.5,0,100,3.0,9,0.0
11.28,0.7793067891790435,77.5,0,100,3.0,9,0.0
11.285,0.9720477407234077,77.5,1,100,3.0,9,0.0
11.29,0.967267334488097,77.5,0,100,3.0,9,0.0
11.295,0.7505869905515209,77.5,0,100,3.0,9,0.0
11.3,0.4028369574773956,77.5,0,100,3.0,9,0.0
11.305,0.04553881263121314,77.5,0,100,3.0,9,0.0
11.31,-0.189138810908105,77.5,0,100,3.0,9,0.0
11.315,-0.22868072635956738,77.5,0,100,3.0,9,0.0
11.32,-0.14104670682394166,77.5,0,100,3.0,9,0.0
11.325,-0.051158381651102834,77.5,0,100,3.0,9,0.0
11.33,-0.008206426846427752,77.5,0,100,3.0,9,0.0
11.335,0.005350271385530505,77.5,0,100,3.0,9,0.0
11.34,0.01084668799215426,77.5,0,100,3.0,9,0.0
11.345,0.016256859896386415,77.5,0,100,3.0,9,0.0
11.35,0.02345021205790711,77.5,0,100,3.0,9,0.0
11.355,0.0330621597308209,77.5,0,100,3.0,9,0.0
11.36,0.04559141319943196,77.5,0,100,3.0,9,0.0
11.365,0.06149084917446989,77.5,0,100,3.0,9,0.0
11.37,0.08111733445924295,77.5,0,100,3.0,9,0.0
11.375,0.1046628598272375,77.5,0,100,3.0,9,0.0
11.38,0.1320831047748631,77.5,0,100,3.0,9,0.0
11.385,0.16303381314489318,77.5,0,100,3.0,9,0.0
11.39,0.19682662652900276,77.5,0,100,3.0,9,0.0
11.395,0.23241585813229,77.5,0,100,3.0,9,0.0
11.4,0.26842527782774417,77.5,0,100,3.0,9,0.0
11.405,0.30321927900592993,77.5,0,100,3.0,9,0.0
11.41,0.3350163137995362,77.5,0,100,3.0,9,0.0
11.415,0.3620352400956416,77.5,0,100,3.0,9,0.0
11.42,0.3826586036805073,77.5,0,100,3.0,9,0.0
11.425,0.39559233134833227,77.5,0,100,3.0,9,0.0
11.43,0.4,77.5,0,100,3.0,9,0.0
11.435,0.39559233134833227,77.5,0,100,3.0,9,0.0
11.44,0.3826586036805073,77.5,0,100,3.0,9,0.0
11.445,0.3620352400956416,77.5,0,100,3.0,9,0.0
11.45,0.3350163137995362,77.5,0,100,3.0,9,0.0
11.455,0.3032192790059296,77.5,0,100,3.0,9,0.0
11.46,0.26842527782774417,77.5,0,100,3.0,9,0.0
11.465,0.23241585813229,77.5,0,100,3.0,9,0.0
11.47,0.19682662652900276,77.5,0,100,3.0,9,0.0
11.475,0.16303381314489318,77.5,0,100,3.0,9,0.0
11.48,0.13208310477486307,77.5,0,100,3.0,9,0.0
11.485,0.10466285982723562,77.5,0,100,3.0,9,0.0
11.49,0.08111733445917907,77.5,0,100,3.0,9,0.0
11.495,0.06149084917398798,77.5,0,100,3.0,9,0.0
11.5,0.04559141333598128,77.5,0,100,3.0,9,0.0
11.505,0.03306217087257399,77.5,0,100,3.0,9,0.0
11.51,0.02345067901074276,77.5,0,100,3.0,9,0.0
11.515,0.016268788896435526,77.5,0,100,3.0,9,0.0
11.52,0.011039026374860051,77.5,0,100,3.0,9,0.0
11.525,0.007326255555493689,77.5,0,100,3.0,9,0.0
11.53,0.0047556414315231815,77.5,0,100,3.0,9,0.0
11.535,0.0030193390635632803,77.5,0,100,3.0,9,0.0
11.54,0.001874953127946523,77.5,0,100,3.0,9,0.0
11.545,0.0011387927410965778,77.5,0,100,3.0,9,0.0
11.55,0.0006765107634274089,77.5,0,100,3.0,9,0.0
11.555,0.00039307957404427924,77.5,0,100,3.0,9,0.0
11.56,0.00022338910511776318,77.5,0,100,3.0,9,0.0
11.565,0.00012417073320013317,77.5,0,100,3.0,9,0.0
11.57,6.750753468904987e-05,77.5,0,100,3.0,9,0.0
11.575,3.5897234866245036e-05,77.5,0,100,3.0,9,0.0
11.58,1.8670050400879738e-05,77.5,0,100,3.0,9,0.0
11.585,9.497421874143672e-06,77.5,0,100,3.0,9,0.0
11.59,4.725434140340885e-06,77.5,0,100,3.0,9,0.0
11.595,2.299606063738814e-06,77.5,0,100,3.0,9,0.0
11.6,1.0945633976635486e-06,77.5,0,100,3.0,9,0.0
11.605,5.095703414287532e-07,77.5,0,100,3.0,9,0.0
11.61,2.3202944964797243e-07,77.5,0,100,3.0,9,0.0
11.615,1.0333746954038608e-07,77.5,0,100,3.0,9,0.0
11.62,4.501406988770349e-08,77.5,0,100,3.0,9,0.0
11.625,0.0,77.5,0,100,3.0,9,0.0
11.63,0.0,77.5,0,100,3.0,9,0.0
11.635,0.0,77.5,0,100,3.0,9,0.0
11.64,0.0,77.5,0,100,3.0,9,0.0
11.645,0.0,77.5,0,100,3.0,9,0.0
11.65,0.0,77.5,0,100,3.0,9,0.0
11.655,0.0,77.5,0,100,3.0,9,0.0
11.66,0.0,77.5,0,100,3.0,9,0.0
11.665,0.0,77.5,0,100,3.0,9,0.0
11.67,0.0,77.5,0,100,3.0,9,0.0
11.675,0.0,77.5,0,100,3.0,9,0.0
11.68,0.0,77.5,0,100,3.0,9,0.0
11.685,0.0,77.5,0,100,3.0,9,0.0
11.69,0.0,77.5,0,100,3.0,9,0.0
11.695,0.0,77.5,0,100,3.0,9,0.0
11.7,0.0,77.5,0,100,3.0,9,0.0
11.705,0.0,77.5,0,100,3.0,9,0.0
11.71,0.0,77.5,0,100,3.0,9,0.0
11.715,0.0,77.5,0,100,3.0,9,0.0
11.72,0.0,77.5,0,100,3.0,9,0.0
11.725,0.0,77.5,0,100,3.0,9,0.0
11.73,0.0,77.5,0,100,3.0,9,0.0
11.735,0.0,77.5,0,100,3.0,9,0.0
11.74,0.0,77.5,0,100,3.0,9,0.0
11.745,0.0,77.5,0,100,3.0,9,0.0
11.75,0.0,77.5,0,100,3.0,9,0.0
11.755,0.0,77.5,0,100,3.0,9,0.0
11.76,0.0,77.5,0,100,3.0,9,0.0
11.765,0.0,77.5,0,100,3.0,9,0.0
11.77,0.0,77.5,0,100,3.0,9,0.0
11.775,0.0,77.5,0,100,3.0,9,0.0
11.78,0.0,77.5,0,100,3.0,9,0.0
11.785,0.0,77.5,0,100,3.0,9,0.0
11.79,0.0,77.5,0,100,3.0,9,0.0
11.795,0.0,77.5,0,100,3.0,9,0.0
11.8,0.0,77.5,0,100,3.0,9,0.0
11.805,0.0,77.5,0,100,3.0,9,0.0
11.81,0.0,77.5,0,100,3.0,9,0.0
11.815,0.0,77.5,0,100,3.0,9,0.0
11.82,0.0,77.5,0,100,3.0,9,0.0
11.825,0.0,77.5,0,100,3.0,9,0.0
11.83,0.0,77.5,0,100,3.0,9,0.0
11.835,0.0,77.5,0,100,3.0,9,0.0
11.84,0.0,77.5,0,100,3.0,9,0.0
11.845,0.0,77.5,0,100,3.0,9,0.0
11.85,0.0,77.5,0,100,3.0,9,0.0
11.855,0.0,77.5,0,100,3.0,9,0.0
11.86,0.0,77.5,0,100,3.0,9,0.0
11.865,0.0,77.5,0,100,3.0,9,0.0
11.87,0.0,77.5,0,100,3.0,9,0.0
11.875,0.0,77.5,0,100,3.0,9,0.0
11.88,0.0,77.5,0,100,3.0,9,0.0
11.885,0.0,77.5,0,100,3.0,9,0.0
11.89,0.0,77.5,0,100,3.0,9,0.0
11.895,0.0,77.5,0,100,3.0,9,0.0
11.9,0.0,77.5,0,100,3.0,9,0.0
11.905,0.0,77.5,0,100,3.0,9,0.0
11.91,0.0,77.5,0,100,3.0,9,0.0
11.915,0.0,77.5,0,100,3.0,9,0.0
11.92,0.0,77.5,0,100,3.0,9,0.0
11.925,0.0,77.5,0,100,3.0,9,0.0
11.93,0.0,77.5,0,100,3.0,9,0.0
11.935,0.0,77.5,0,100,3.0,9,0.0
11.94,0.0,77.5,0,100,3.0,9,0.0
11.945,0.0,77.5,0,100,3.0,9,0.0
11.95,0.0,77.5,0,100,3.0,9,0.0
11.955,0.0,77.5,0,100,3.0,9,0.0
11.96,0.0,77.5,0,100,3.0,9,0.0
11.965,0.0,77.5,0,100,3.0,9,0.0
11.97,0.0,77.5,0,100,3.0,9,0.0
11.975,0.0,77.5,0,100,3.0,9,0.0
11.98,0.0,77.5,0,100,3.0,9,0.0
11.985,0.0,77.5,0,100,3.0,9,0.0
11.99,0.0,77.5,0,100,3.0,9,0.0
11.995,0.0,77.5,0,100,3.0,9,0.0
