Time,ECG,Pressure,R_Peaks,mean_hr,hrv_scale,Phase_Bin,Normalized_Pressure
0.0,0.001684486749771458,77.5,0,90,1.0,0,0.0
0.005,0.004172395771277602,77.5,0,90,1.0,0,0.0
0.01,0.009438687428818865,77.5,0,90,1.0,0,0.0
0.015,0.019500507867137046,77.5,0,90,1.0,0,0.0
0.02,0.03679496976339974,77.5,0,90,1.0,0,0.0
0.025,0.06340728953298436,77.5,0,90,1.0,0,0.0
0.03,0.09979255396093453,77.5,0,90,1.0,0,0.0
0.035,0.14343835518453557,77.5,0,90,1.0,0,0.0
0.04,0.18829581417209276,77.5,0,90,1.0,0,0.0
0.045,0.2257481735193119,77.5,0,90,1.0,0,0.0
0.05,0.24718154073554727,77.5,0,90,1.0,0,0.0
0.055,0.24718154074102772,77.5,0,90,1.0,0,0.0
0.06,0.22574817354072055,77.5,0,90,1.0,0,0.0
0.065,0.18829581422840957,77.5,0,90,1.0,0,0.0
0.07,0.14343835532456656,77.5,0,90,1.0,0,0.0
0.075,0.09979255431561854,77.5,0,90,1.0,0,0.0
0.08,0.06340729067170194,77.5,0,90,1.0,0,0.0
0.085,0.03679497683410042,77.5,0,90,1.0,0,0.0
0.09,0.019500578284482293,77.5,0,90,1.0,0,0.0
0.095,0.009439396781978427,77.5,0,90,1.0,0,0.0
0.1,0.004178588733610924,77.5,0,90,1.0,0,0.0
0.105,0.0017299316936037381,77.5,0,90,1.0,0,0.0
0.11,0.0008997325756988589,77.5,0,90,1.0,0,0.0
0.115,0.001634769674224814,77.5,0,90,1.0,0,0.0
0.12,0.00614904736476635,77.5,0,90,1.0,0,0.0
0.125,0.02168080359963608,77.5,0,90,1.0,0,0.0
0.13,0.06433400338904088,77.5,0,90,1.0,0,0.0
0.135,0.1593410769217493,77.5,0,90,1.0,0,0.0
0.14,0.3291989194808569,77.5,0,90,1.0,0,0.0
0.145,0.5672906802982638,77.5,0,90,1.0,0,0.0
0.15,0.815339152120446,77.5,0,90,1.0,0,0.0
0.155,0.9768711246313155,77.5,0,90,1.0,0,0.0
0.16,0.9726380909165361,77.5,0,90,1.0,0,0.0
0.165,0.7921091683291741,77.5,0,90,1.0,0,0.0
0.17,0.49139090102639077,77.5,0,90,1.0,0,0.0
0.175,0.15739335672107918,77.5,0,90,1.0,0,0.0
0.18,-0.11102342218909485,77.5,0,90,1.0,0,0.0
0.185,-0.2314207883647528,77.5,0,90,1.0,0,0.0
0.19,-0.2029124434754801,77.5,0,90,1.0,0,0.0
0.195,-0.11151350554305876,77.5,0,90,1.0,0,0.0
0.2,-0.039430666652076896,77.5,0,90,1.0,0,0.0
0.205,-0.006087703519843621,77.5,0,90,1.0,0,0.0
0.21,0.005350271385530551,77.5,0,90,1.0,0,0.0
0.215,0.010381647827441833,77.5,0,90,1.0,0,0.0
0.22,0.015115203303506243,77.5,0,90,1.0,0,0.0
0.225,0.021170964062928475,77.5,0,90,1.0,0,0.0
0.23,0.029082821134029553,77.5,0,90,1.0,0,0.0
0.235,0.03923107061708144,77.5,0,90,1.0,0,0.0
0.24,0.051969043308817596,77.5,0,90,1.0,0,0.0
0.245,0.06760532616283861,77.5,0,90,1.0,0,0.0
0.25,0.08636519236693461,77.5,0,90,1.0,0,0.0
0.255,0.10834733138818661,77.5,0,90,1.0,0,0.0
0.26,0.1334809643017884,77.5,0,90,1.0,0,0.0
0.265,0.16148868344343945,77.5,0,90,1.0,0,0.0
0.27,0.191860907532018,77.5,0,90,1.0,0,0.0
0.275,0.22384764873847726,77.5,0,90,1.0,0,0.0
0.28,0.25647215537198226,77.5,0,90,1.0,0,0.0
0.285,0.2885689161419028,77.5,0,90,1.0,0,0.0
0.29,0.31884566517832524,77.5,0,90,1.0,0,0.0
0.295,0.3459657668955683,77.5,0,90,1.0,0,0.0
0.3,0.3686441789190902,77.5,0,90,1.0,0,0.0
0.305,0.3857476379544367,77.5,0,90,1.0,0,0.0
0.31,0.3963882865005728,77.5,0,90,1.0,0,0.0
0.315,0.4,77.5,0,90,1.0,0,0.0
0.32,0.39638828650057273,77.5,0,90,1.0,0,0.0
0.325,0.38574763795443656,77.5,0,90,1.0,0,0.0
0.33,0.36864417891908974,77.5,0,90,1.0,0,0.0
0.335,0.345965766895568,77.5,0,90,1.0,0,0.0
0.34,0.3188456651783249,77.5,0,90,1.0,0,0.0
0.345,0.28856891614190205,77.5,0,90,1.0,0,0.0
0.35,0.2564721553719815,77.5,0,90,1.0,0,0.0
0.355,0.22384764873847685,77.5,0,90,1.0,0,0.0
0.36,0.19186090753201765,77.5,0,90,1.0,0,0.0
0.365,0.16148868344343878,77.5,0,90,1.0,0,0.0
0.37,0.1334809643017881,77.5,0,90,1.0,0,0.0
0.375,0.10834733138818531,77.5,0,90,1.0,0,0.0
0.38,0.08636519236690572,77.5,0,90,1.0,0,0.0
0.385,0.06760532616242629,77.5,0,90,1.0,0,0.0
0.39,0.05196904332202373,77.5,0,90,1.0,0,0.0
0.395,0.03923107185803287,77.5,0,90,1.0,0,0.0
0.4,0.02908287038705761,77.5,0,90,1.0,0,0.0
0.405,0.02117220077308346,77.5,0,90,1.0,0,0.0
0.41,0.0151361834125735,77.5,0,90,1.0,0,0.0
0.415,0.010626454858290009,77.5,0,90,1.0,0,0.0
0.42,0.007326255555493652,77.5,0,90,1.0,0,0.0
0.425,0.004960179211183015,77.5,0,90,1.0,0,0.0
0.43,0.0032978759379303545,77.5,0,90,1.0,0,0.0
0.435,0.002153242296767213,77.5,0,90,1.0,0,0.0
0.44,0.001380616732225004,77.5,0,90,1.0,0,0.0
0.445,0.0008693106590991584,77.5,0,90,1.0,0,0.0
0.45,0.000537524815942247,77.5,0,90,1.0,0,0.0
0.455,0.0003263951340288585,77.5,0,90,1.0,0,0.0
0.46,0.00019463030985187395,77.5,0,90,1.0,0,0.0
0.465,0.00011397219555062695,77.5,0,90,1.0,0,0.0
0.47,6.55403863487943e-05,77.5,0,90,1.0,0,0.0
0.475,3.701184389455385e-05,77.5,0,90,1.0,0,0.0
0.48,2.0525516217290957e-05,77.5,0,90,1.0,0,0.0
0.485,1.1178128483661116e-05,77.5,0,90,1.0,0,0.0
0.49,5.978135409912517e-06,77.5,0,90,1.0,0,0.0
0.495,3.1396702713238487e-06,77.5,0,90,1.0,0,0.0
0.5,1.6192875458531019e-06,77.5,0,90,1.0,0,0.0
0.505,8.201353897972012e-07,77.5,0,90,1.0,0,0.0
0.51,4.0791415086824765e-07,77.5,0,90,1.0,0,0.0
0.515,1.9923866938774793e-07,77.5,0,90,1.0,0,0.0
0.52,9.556527981051257e-08,77.5,0,90,1.0,0,0.0
0.525,4.501406988770349e-08,77.5,0,90,1.0,0,0.0
0.53,0.0,77.5,0,90,1.0,0,0.0
0.535,0.0,77.5,0,90,1.0,0,0.0
0.54,0.0,77.5,0,90,1.0,0,0.0
0.545,0.0,77.5,0,90,1.0,0,0.0
0.55,0.0,77.5,0,90,1.0,0,0.0
0.555,0.0,77.5,0,90,1.0,0,0.0
0.56,0.0,77.5,0,90,1.0,0,0.0
0.565,0.0,77.5,0,90,1.0,0,0.0
0.57,0.0,77.5,0,90,1.0,0,0.0
0.575,0.0,77.5,0,90,1.0,0,0.0
0.58,0.0,77.5,0,90,1.0,0,0.0
0.585,0.0,77.5,0,90,1.0,0,0.0
0.59,0.0,77.5,0,90,1.0,0,0.0
0.595,0.0,77.5,0,90,1.0,0,0.0
0.6,0.0,77.5,0,90,1.0,0,0.0
0.605,0.0,77.5,0,90,1.0,0,0.0
0.61,0.0,77.5,0,90,1.0,0,0.0
0.615,0.0,77.5,0,90,1.0,0,0.0
0.62,0.0,77.5,0,90,1.0,0,0.0
0.625,0.0,77.5,0,90,1.0,0,0.0
0.63,0.0,77.5,0,90,1.0,0,0.0
0.635,0.001684486749771458,77.5,0,90,1.0,0,0.0
0.64,0.004172395771277602,77.5,0,90,1.0,0,0.0
0.645,0.009438687428818865,77.5,0,90,1.0,0,0.0
0.65,0.019500507867137046,77.5,0,90,1.0,0,0.0
0.655,0.03679496976339974,77.5,0,90,1.0,0,0.0
0.66,0.06340728953298436,77.5,0,90,1.0,0,0.0
0.665,0.09979255396093453,77.5,0,90,1.0,0,0.0
0.67,0.14343835518453557,77.5,0,90,1.0,0,0.0
0.675,0.18829581417209276,77.5,0,90,1.0,0,0.0
0.68,0.2257481735193119,77.5,0,90,1.0,0,0.0
0.685,0.24718154073554727,77.5,0,90,1.0,0,0.0
0.69,0.24718154074102772,77.5,0,90,1.0,0,0.0
0.695,0.22574817354072055,77.5,0,90,1.0,0,0.0
0.7,0.18829581422840957,77.5,0,90,1.0,0,0.0
0.705,0.14343835532456656,77.5,0,90,1.0,0,0.0
0.71,0.09979255431561854,77.5,0,90,1.0,0,0.0
0.715,0.06340729067170194,77.5,0,90,1.0,0,0.0
0.72,0.03679497683410042,77.5,0,90,1.0,0,0.0
0.725,0.019500578284482293,77.5,0,90,1.0,0,0.0
0.73,0.009439396781978427,77.5,0,90,1.0,0,0.0
0.735,0.004178588733610924,77.5,0,90,1.0,0,0.0
0.74,0.0017299316936037381,77.5,0,90,1.0,0,0.0
0.745,0.0008997325756988589,77.5,0,90,1.0,0,0.0
0.75,0.001634769674224814,77.5,0,90,1.0,0,0.0
0.755,0.00614904736476635,77.5,0,90,1.0,0,0.0
0.76,0.02168080359963608,77.5,0,90,1.0,0,0.0
0.765,0.06433400338904088,77.5,0,90,1.0,0,0.0
0.77,0.1593410769217493,77.5,0,90,1.0,0,0.0
0.775,0.3291989194808569,77.5,0,90,1.0,0,0.0
0.78,0.5672906802982638,77.5,0,90,1.0,0,0.0
0.785,0.815339152120446,77.5,0,90,1.0,0,0.0
0.79,0.9768711246313155,77.50000284586159,1,90,1.0,0,5.8677558500516847e-08
0.795,0.9726380909165361,77.50000554640805,0,90,1.0,0,1.1435892881458993e-07
0.8,0.7921091683291741,77.50001151682932,0,90,1.0,0,2.374603983045426e-07
0.805,0.49139090102639077,77.50002643002445,0,90,1.0,0,5.449489576934416e-07
0.81,0.15739335672107918,77.50006790101995,0,90,1.0,0,1.4000210298195504e-06
0.815,-0.11102342218909485,77.50019028911501,0,90,1.0,0,3.923486907442379e-06
0.82,-0.2314207883647528,77.50055528372543,0,90,1.0,0,1.1449148977995606e-05
0.825,-0.2029124434754801,77.5016191003873,0,90,1.0,0,3.338351314024416e-05
0.83,-0.11151350554305876,77.50459268016454,0,90,1.0,0,9.469443638216635e-05
0.835,-0.039430666652076896,77.51248521717368,0,90,1.0,0,0.00025742715822012853
0.84,-0.006087703519843621,77.53227388620262,0,90,1.0,0,0.0006654409526312796
0.845,0.005350271385530551,77.57900721106344,0,90,1.0,0,0.0016290146611018807
0.85,0.010381647827441833,77.68277725789753,0,90,1.0,0,0.003768603255619115
0.855,0.015115203303506243,77.89914273187748,0,90,1.0,0,0.008229747049020112
0.86,0.021170964062928475,78.32227751227126,0,90,1.0,0,0.01695417551074755
0.865,0.029082821134029553,79.09751100293126,0,90,1.0,0,0.03293837119445889
0.87,0.03923107061708144,80.42630442384339,0,90,1.0,0,0.06033617368749259
0.875,0.051969043308817596,82.55354337917821,0,90,1.0,0,0.10419677070470533
0.88,0.06760532616283861,85.72706210298368,0,90,1.0,0,0.16963014645327176
0.885,0.08636519236693461,90.12554414875623,0,90,1.0,0,0.26032049791249967
0.89,0.10834733138818661,95.76438236317041,0,90,1.0,0,0.3765852033643384
0.895,0.1334809643017884,102.40631247838554,0,90,1.0,0,0.5135322160491865
0.9,0.16148868344343945,109.51624731799802,0,90,1.0,0,0.6601288106803715
0.905,0.191860907532018,116.29749655462248,0,90,1.0,0,0.7999483825695357
0.91,0.22384764873847726,121.82388594751711,0,90,1.0,0,0.9138945556189095
0.915,0.25647215537198226,125.24436869130892,0,90,1.0,0,0.9844199730166788
0.92,0.2885689161419028,126.0,0,90,1.0,0,1.0
0.925,0.31884566517832524,123.97778706854874,0,90,1.0,0,0.9583048880113142
0.93,0.3459657668955683,119.54358950815404,0,90,1.0,0,0.8668781341887432
0.935,0.3686441789190902,113.44132554854066,0,90,1.0,0,0.7410582587327972
0.94,0.3857476379544367,106.59703250521925,0,90,1.0,0,0.599938814540603
0.945,0.3963882865005728,99.89899699454637,0,90,1.0,0,0.46183498957827557
0.95,0.4,94.02516929242782,0,90,1.0,0,0.3407251400500581
0.955,0.39638828650057273,89.3603322958374,0,90,1.0,0,0.24454293393479165
0.96,0.38574763795443656,86.00561321118767,0,90,1.0,0,0.1753734682719106
0.965,0.36864417891908974,83.85152120488316,0,90,1.0,0,0.13095920010068363
0.97,0.345965766895568,82.67378992307566,0,90,1.0,0,0.10667608088815793
0.975,0.3188456651783249,82.21795644486333,0,90,1.0,0,0.09727745247140893
0.98,0.28856891614190205,82.25491311032039,0,90,1.0,0,0.09803944557361624
0.985,0.2564721553719815,82.60568848479885,0,90,1.0,0,0.10527192752162572
0.99,0.22384764873847685,83.14350119463039,0,90,1.0,0,0.11636084937382245
0.995,0.19186090753201765,83.78381880877807,0,90,1.0,0,0.12956327440779516
1.0,0.16148868344343878,84.47111934410529,0,90,1.0,0,0.14373441946608845
1.005,0.1334809643017881,85.16736816282359,0,90,1.0,0,0.15809006521285757
1.01,0.10834733138818531,85.84401473859923,0,90,1.0,0,0.17204154100204594
1.015,0.08636519236690572,86.47738375513784,0,90,1.0,0,0.18510069598222342
1.02,0.06760532616242629,87.04656798666497,0,90,1.0,0,0.1968364533332983
1.025,0.05196904332202373,87.53286735530213,0,90,1.0,0,0.2068632444392192
1.03,0.03923107185803287,87.92003875076709,0,90,1.0,0,0.21484615980963073
1.035,0.02908287038705761,88.1948762403954,0,90,1.0,0,0.22051291217310107
1.04,0.02117220077308346,88.34783554716185,0,90,1.0,0,0.22366671231261545
1.045,0.0151361834125735,88.37354028569607,0,90,1.0,0,0.22419670692156837
1.05,0.010626454858290009,88.27108106749418,0,90,1.0,0,0.22208414572152949
1.055,0.007326255555493652,88.04406438191086,0,90,1.0,0,0.21740338931774963
1.06,0.004960179211183015,87.70040053904515,0,90,1.0,0,0.21031753688752883
1.065,0.0032978759379303545,87.25184573884796,0,90,1.0,0,0.20106898430614353
1.07,0.002153242296767213,86.71333452777212,0,90,1.0,0,0.18996566036643545
1.075,0.001380616732225004,86.10215528685912,0,90,1.0,0,0.17736402653317765
1.08,0.0008693106590991584,85.43703209507676,0,90,1.0,0,0.16365014629024247
1.085,0.000537524815942247,84.73718067857484,0,90,1.0,0,0.14922022017680092
1.09,0.0003263951340288585,84.02140412721407,0,90,1.0,0,0.1344619407673004
1.095,0.00019463030985187395,83.30728624532938,0,90,1.0,0,0.11973786072844081
1.1,0.00011397219555062695,82.61052800894745,0,90,1.0,0,0.10537171152468978
1.105,6.55403863487943e-05,81.94445724555983,0,90,1.0,0,0.09163829372288314
1.11,3.701184389455385e-05,81.31972513974611,0,90,1.0,0,0.07875721937620848
1.115,2.0525516217290957e-05,80.74418725350604,0,90,1.0,0,0.06689045883517611
1.12,1.1178128483661116e-05,80.22295293316265,0,90,1.0,0,0.056143359446652476
1.125,5.978135409912517e-06,79.75857634759942,0,90,1.0,0,0.046568584486585886
1.13,3.1396702713238487e-06,79.35135557138227,0,90,1.0,0,0.038172279822314865
1.135,1.6192875458531019e-06,78.9997032039245,0,90,1.0,0,0.030921715544834992
1.14,8.201353897972012e-07,78.70055267993662,0,90,1.0,0,0.02475366350384785
1.145,4.0791415086824765e-07,78.44976802421002,0,90,1.0,0,0.01958284586000033
1.15,1.9923866938774793e-07,78.24253048240675,0,90,1.0,0,0.015309906853747415
1.155,9.556527981051257e-08,78.07368229950097,0,90,1.0,0,0.011828501020638621
1.16,4.501406988770349e-08,77.93801505095327,0,90,1.0,0,0.009031238163984913
1.165,0.0,77.8304966317818,0,90,1.0,0,0.006814363541892754
1.17,0.0,77.74643674394598,0,90,1.0,0,0.005081169978267584
1.175,0.0,77.68159517563214,0,90,1.0,0,0.0037442304254049416
1.18,0.0,77.63224022257143,0,90,1.0,0,0.0027266025272458896
1.185,0.0,77.59516631581924,0,90,1.0,0,0.0019621920787472524
1.19,0.0,77.56768046943643,0,90,1.0,0,0.0013954735966273202
1.195,0.0,77.54756679479637,0,90,1.0,0,0.0009807586555951992
1.2,0.0,77.53303732186714,0,90,1.0,0,0.0006811818941678587
1.205,0.0,77.52267598708985,0,90,1.0,1,0.00046754612556401535
1.21,0.0,77.51538112097494,0,90,1.0,1,0.0003171365149471419
1.215,0.0,77.51031027372,0,90,1.0,1,0.00021258296329886004
1.22,0.0,77.50682987606086,0,90,1.0,1,0.00014082218682191167
1.225,0.0,77.50447111531227,0,90,1.0,1,9.218794458289717e-05
1.23,0.0,77.50289253977044,0,90,1.0,1,5.963999526685941e-05
1.235,0.0,77.50184928236199,0,90,1.0,1,3.812953323686604e-05
1.24,0.0,77.50116838920664,0,90,1.0,1,2.4090499105981152e-05
1.245,0.0,77.50072951170684,0,90,1.0,1,1.5041478491477542e-05
1.25,0.0,77.50045012943687,0,90,1.0,1,9.281019316924508e-06
1.255,0.0,77.50027447512092,0,90,1.0,1,5.659280843666547e-06
1.26,0.0,77.50016539751311,0,90,1.0,1,3.4102580023678343e-06
1.265,0.0,77.50009849527245,0,90,1.0,1,2.03083035986901e-06
1.27,0.0,77.50005796451639,0,90,1.0,1,1.1951446677676826e-06
1.275,0.0,77.50003371083174,0,90,1.0,1,6.950686957497027e-07
1.28,0.0,77.50001937479605,0,90,1.0,1,3.9948033100493557e-07
1.285,0.0,77.50001100437119,0,90,1.0,1,2.2689425130939178e-07
1.29,0.001684486749771458,77.50000617666068,0,90,1.0,1,1.2735382837650157e-07
1.295,0.004172395771277602,77.50000342612084,0,90,1.0,1,7.064166682998944e-08
1.3,0.009438687428818865,77.5000018780711,0,90,1.0,1,3.872311552739345e-08
1.305,0.019500507867137046,77.50000101737673,0,90,1.0,1,2.097683983903181e-08
1.31,0.03679496976339974,77.50000054464309,0,90,1.0,1,1.1229754354363397e-08
1.315,0.06340728953298436,77.50000028813938,0,90,1.0,1,5.941018050939466e-09
1.32,0.09979255396093453,77.50000015064462,0,90,1.0,1,3.106074719306486e-09
1.325,0.14343835518453557,77.50000007783323,0,90,1.0,1,1.6048089684172924e-09
1.33,0.18829581417209276,77.50000003974084,0,90,1.0,1,8.193987619004887e-10
1.335,0.2257481735193119,77.50000002005254,0,90,1.0,1,4.134544161791654e-10
1.34,0.24718154073554727,77.50000000999913,0,90,1.0,1,2.061675641203861e-10
1.345,0.24718154074102772,77.50000000492737,0,90,1.0,1,1.0159530490651828e-10
1.35,0.22574817354072055,77.50000000239955,0,90,1.0,1,4.94751639428042e-11
1.355,0.18829581422840957,77.50000000115479,0,90,1.0,1,2.381006731983567e-11
1.36,0.14343835532456656,77.5000000005492,0,90,1.0,1,1.132385365316313e-11
1.365,0.09979255431561854,77.50000000025813,0,90,1.0,1,5.322184846328437e-12
1.37,0.06340729067170194,77.5000000001199,0,90,1.0,1,2.4721027058177174e-12
1.375,0.03679497683410042,77.50000000005502,0,90,1.0,1,1.1345243187064363e-12
1.38,0.019500578284482293,77.50000000002495,0,90,1.0,1,5.145208428844272e-13
1.385,0.009439396781978427,77.50000000001118,0,90,1.0,1,2.305967558941026e-13
1.39,0.004178588733610924,77.50000000000496,0,90,1.0,1,1.0225955248671133e-13
1.395,0.0017299316936037381,77.50000000000217,0,90,1.0,1,4.48301189984723e-14
1.4,0.0008997325756988589,77.50000000000094,0,90,1.0,1,1.9338482705223346e-14
1.405,0.001634769674224814,77.5000000000004,0,90,1.0,1,8.204204784034146e-15
1.41,0.00614904736476635,77.50000000000017,0,90,1.0,1,3.516087764586063e-15
1.415,0.02168080359963608,77.50000000000007,0,90,1.0,1,1.465036568577526e-15
1.42,0.06433400338904088,77.50000000000003,0,90,1.0,1,5.860146274310105e-16
1.425,0.1593410769217493,77.50000000000001,0,90,1.0,1,2.9300731371550523e-16
1.43,0.3291989194808569,77.5,0,90,1.0,1,0.0
1.435,0.5672906802982638,77.5,0,90,1.0,1,0.0
1.44,0.815339152120446,77.5,0,90,1.0,1,0.0
1.445,0.9768711246313155,77.50000285188469,1,90,1.0,1,5.88017461343474e-08
1.45,0.9726380909165361,77.500005472104,0,90,1.0,1,1.1282688645449e-07
1.455,0.7921091683291741,77.50001114553572,0,90,1.0,1,2.2980486026370402e-07
1.46,0.49139090102639077,77.50002494746741,0,90,1.0,1,5.143807713241201e-07
1.465,0.15739335672107918,77.50006223014493,0,90,1.0,1,1.283095771835169e-06
1.47,-0.11102342218909485,77.5001692753466,0,90,1.0,1,3.4902133318178834e-06
1.475,-0.2314207883647528,77.50048103204684,0,90,1.0,1,9.918186532683284e-06
1.48,-0.2029124434754801,77.50137207546508,0,90,1.0,1,2.8290215774943847e-05
1.485,-0.11151350554305876,77.50382388761822,0,90,1.0,1,7.884304367473877e-05
1.49,-0.039430666652076896,77.51025255192553,0,90,1.0,1,0.00021139282320685189
1.495,-0.006087703519843621,77.52622730260188,0,90,1.0,1,0.0005407691258119953
1.5,0.005350271385530551,77.56373480349473,0,90,1.0,1,0.0013141196596850547
1.505,0.010381647827441833,77.64679192528084,0,90,1.0,1,0.0030266376346564368
1.51,0.015115203303506243,77.82003264790949,0,90,1.0,1,0.006598611297102794
1.515,0.021170964062928475,78.16002289075324,0,90,1.0,1,0.013608719396974014
1.52,0.029082821134029553,78.78715565839514,0,90,1.0,1,0.026539291925672906
1.525,0.03923107061708144,79.87309703665223,0,90,1.0,1,0.04892983580726239
1.53,0.051969043308817596,81.6357728352696,0,90,1.0,1,0.08527366670658981
1.535,0.06760532616283861,84.31274116702575,0,90,1.0,1,0.14046889004176802
1.54,0.08636519236693461,88.10699478553131,0,90,1.0,1,0.21870092341301678
1.545,0.10834733138818661,93.10840244452054,0,90,1.0,1,0.3218227308148564
1.55,0.1334809643017884,99.20787973600085,0,90,1.0,1,0.44758514919589376
1.555,0.16148868344343945,106.03465479272373,0,90,1.0,1,0.5883433977881181
1.56,0.191860907532018,112.95149073900936,0,90,1.0,1,0.7309585719383372
1.565,0.22384764873847726,119.13158563547512,0,90,1.0,1,0.8583832089788684
1.57,0.25647215537198226,123.71388588995438,0,90,1.0,1,0.9528636265969976
1.575,0.2885689161419028,126.0,0,90,1.0,1,1.0
1.58,0.31884566517832524,125.63168033832994,0,90,1.0,1,0.9924057801717514
1.585,0.3459657668955683,122.68717513676035,0,90,1.0,1,0.9316943327167081
1.59,0.3686441789190902,117.66114684156429,0,90,1.0,1,0.8280648833312224
1.595,0.3857476379544367,111.33557350136091,0,90,1.0,1,0.6976406907497096
1.6,0.3963882865005728,104.5882963007817,0,90,1.0,1,0.5585215732119939
1.605,0.4,98.20380090084146,0,90,1.0,1,0.4268824928008548
1.61,0.39638828650057273,92.74127363349305,0,90,1.0,1,0.31425306460810415
1.615,0.38574763795443656,88.48579720411917,0,90,1.0,1,0.22651128255915806
1.62,0.36864417891908974,85.47562070635212,0,90,1.0,1,0.16444578775983748
1.625,0.345965766895568,83.57616312899322,0,90,1.0,1,0.1252817139998601
1.63,0.3188456651783249,82.5659171942369,0,90,1.0,1,0.10445190091210109
1.635,0.28856891614190205,82.2077740060747,0,90,1.0,1,0.09706750527989073
1.64,0.2564721553719815,82.29359471173308,0,90,1.0,1,0.09883700436563048
1.645,0.22384764873847685,82.66255827345258,0,90,1.0,1,0.10644450048355825
1.65,0.19186090753201765,83.20095515387028,0,90,1.0,1,0.11754546709010891
1.655,0.16148868344343878,83.83258540626372,0,90,1.0,1,0.13056877126316943
1.66,0.1334809643017881,84.50688720883298,0,90,1.0,1,0.1444719012130511
1.665,0.10834733138818531,85.18879930614817,0,90,1.0,1,0.1585319444566633
1.67,0.08636519236690572,85.85174343024126,0,90,1.0,1,0.1722008954688919
1.675,0.06760532616242629,86.47356190947447,0,90,1.0,1,0.1850218950407107
1.68,0.05196904332202373,87.0346351717773,0,90,1.0,1,0.19659041591293394
1.685,0.03923107185803287,87.51735949791845,0,90,1.0,1,0.20654349480244225
1.69,0.02908287038705761,87.90635065364523,0,90,1.0,1,0.2145639310029945
1.695,0.02117220077308346,88.1889541011337,0,90,1.0,1,0.22039080620894233
1.7,0.0151361834125735,88.35580849564253,0,90,1.0,1,0.22383110300293885
1.705,0.010626454858290009,88.4013164549309,0,90,1.0,1,0.22476941144187437
1.71,0.007326255555493652,88.32394120303454,0,90,1.0,1,0.2231740454233925
1.715,0.004960179211183015,88.12628788072502,0,90,1.0,1,0.21909871919020651
1.72,0.0032978759379303545,87.8149564468404,0,90,1.0,1,0.21267951436784327
1.725,0.002153242296767213,87.40017534035806,0,90,1.0,1,0.20412732660532085
1.73,0.001380616732225004,86.89524350085946,0,90,1.0,1,0.1937163608424632
1.735,0.0008693106590991584,86.31582296936395,0,90,1.0,1,0.18176954576008145
1.74,0.000537524815942247,85.67913444059066,0,90,1.0,1,0.16864194722867337
1.745,0.0003263951340288585,85.00311320618148,0,90,1.0,1,0.15470336507590685
1.75,0.00019463030985187395,84.3055827268295,0,90,1.0,1,0.1403212933366907
1.755,0.00011397219555062695,83.60349793607864,0,90,1.0,1,0.12584531826966266
1.76,6.55403863487943e-05,82.91230113964602,0,90,1.0,1,0.11159383793084575
1.765,3.701184389455385e-05,82.24542123587032,0,90,1.0,1,0.09784373682206855
1.77,2.0525516217290957e-05,81.613933357956,0,90,1.0,1,0.08482336820527836
1.775,1.1178128483661116e-05,81.0263823663777,0,90,1.0,1,0.07270891477067429
1.78,5.978135409912517e-06,80.48876119719017,0,90,1.0,1,0.06162394221010664
1.785,3.1396702713238487e-06,80.00462491990231,0,90,1.0,1,0.05164175092582087
1.79,1.6192875458531019e-06,79.57531413717051,0,90,1.0,1,0.042789982209701205
1.795,8.201353897972012e-07,79.20025733794617,0,90,1.0,1,0.035056852328787
1.8,4.0791415086824765e-07,78.8773208986497,0,90,1.0,1,0.028398369044323704
1.805,1.9923866938774793e-07,78.60317721354771,0,90,1.0,1,0.02274592192881876
1.81,9.556527981051257e-08,78.37366531514834,0,90,1.0,1,0.01801371783811018
1.815,4.501406988770349e-08,78.18412359953327,0,90,1.0,1,0.014105641227490006
1.82,0.0,78.02968017202754,0,90,1.0,1,0.010921240660361643
1.825,0.0,77.90549221983429,0,90,1.0,1,0.008360664326480135
1.83,0.0,77.80693117491525,0,90,1.0,1,0.0063284778333041036
1.835,0.0,77.72971488846713,0,90,1.0,1,0.00473638945293049
1.84,0.0,77.66999140059843,0,90,1.0,1,0.003504977331926474
1.845,0.0,77.624381109498,0,90,1.0,1,0.002564558958721715
1.85,0.0,77.58998529958369,0,90,1.0,1,0.001855367001725527
1.855,0.0,77.56436923879633,0,90,1.0,1,0.001327200799924356
1.86,0.0,77.54552760933194,0,90,1.0,1,0.0009387135944730149
1.865,0.0,77.53183911478689,0,90,1.0,1,0.0006564765935441408
1.87,0.0,77.52201591751752,0,90,1.0,1,0.0004539364436602307
1.875,0.0,77.51505227902882,0,90,1.0,1,0.00031035626863550747
1.88,0.0,77.51017553839584,0,90,1.0,1,0.00020980491537818461
1.885,0.0,77.50680146081736,0,90,1.0,1,0.0001402363055125154
1.89,0.0,77.5044950721781,0,90,1.0,1,9.268190057942428e-05
1.895,0.0,77.50293738454126,0,90,1.0,1,6.056462971659852e-05
1.9,0.0,77.5018979055961,0,90,1.0,1,3.9132074146298636e-05
1.905,0.0,77.50121248974423,0,90,1.0,1,2.499978854089444e-05
1.91,0.0,77.50076589847964,0,90,1.0,1,1.5791721229734977e-05
1.915,0.0,77.50047835906365,0,90,1.0,1,9.863073477303842e-06
1.92,0.0,77.50029541087085,0,90,1.0,1,6.090945790679284e-06
1.925,0.0,77.50018038009229,0,90,1.0,1,3.7191771605897154e-06
1.93,0.0,77.50010890314022,0,90,1.0,1,2.2454255714627526e-06
1.935,0.0,77.5000650102546,0,90,1.0,1,1.3404176206560017e-06
1.94,0.0,77.50003837187288,0,90,1.0,1,7.911726366100336e-07
1.945,0.0,77.50002239410928,0,90,1.0,1,4.617342119555482e-07
1.95,0.0,77.500012922432,0,90,1.0,1,2.6644189703577083e-07
1.955,0.0,77.50000737300255,0,90,1.0,1,1.520206710571899e-07
1.96,0.001684486749771458,77.50000415943343,0,90,1.0,1,8.576151403242865e-08
1.965,0.004172395771277602,77.50000232013706,0,90,1.0,1,4.783787745772006e-08
1.97,0.009438687428818865,77.50000127962515,0,90,1.0,1,2.6384023763010605e-08
1.975,0.019500507867137046,77.50000069781701,0,90,1.0,1,1.4387979687394222e-08
1.98,0.03679496976339974,77.50000037626171,0,90,1.0,1,7.75797339771351e-09
1.985,0.06340728953298436,77.5000002005987,0,90,1.0,1,4.136055786523112e-09
1.99,0.09979255396093453,77.50000010574405,0,90,1.0,1,2.1802896899129167e-09
1.995,0.14343835518453557,77.50000005511545,0,90,1.0,1,1.1364010305507842e-09
2.0,0.18829581417209276,77.50000002840406,0,90,1.0,1,5.856507123473758e-10
2.005,0.2257481735193119,77.50000001447363,0,90,1.0,1,2.984253119534186e-10
2.01,0.24718154073554727,77.50000000729229,0,90,1.0,1,1.503564100257978e-10
2.015,0.24718154074102772,77.50000000363279,0,90,1.0,1,7.490292464166318e-11
2.02,0.22574817354072055,77.50000000178939,0,90,1.0,1,3.689460192111527e-11
2.025,0.18829581422840957,77.50000000087148,0,90,1.0,1,1.7968673513603357e-11
2.03,0.14343835532456656,77.50000000041966,0,90,1.0,1,8.652798981332584e-12
2.035,0.09979255431561854,77.50000000019982,0,90,1.0,1,4.119975838153719e-12
2.04,0.06340729067170194,77.50000000009408,0,90,1.0,1,1.9397084167966446e-12
2.045,0.03679497683410042,77.50000000004378,0,90,1.0,1,9.027555335574716e-13
2.05,0.019500578284482293,77.50000000002015,0,90,1.0,1,4.154843708485864e-13
2.055,0.009439396781978427,77.50000000000917,0,90,1.0,1,1.8898971734650088e-13
2.06,0.004178588733610924,77.50000000000412,0,90,1.0,1,8.497212097749652e-14
2.065,0.0017299316936037381,77.50000000000183,0,90,1.0,1,3.779794346930017e-14
2.07,0.0008997325756988589,77.50000000000081,0,90,1.0,1,1.67014168817838e-14
2.075,0.001634769674224814,77.50000000000036,0,90,1.0,1,7.32518284288763e-15
2.08,0.00614904736476635,77.50000000000016,0,90,1.0,1,3.2230804508705575e-15
2.085,0.02168080359963608,77.50000000000006,0,90,1.0,1,1.172029254862021e-15
2.09,0.06433400338904088,77.50000000000003,0,90,1.0,1,5.860146274310105e-16
2.095,0.1593410769217493,77.50000000000001,0,90,1.0,1,2.9300731371550523e-16
2.1,0.3291989194808569,77.5,0,90,1.0,1,0.0
2.105,0.5672906802982638,77.5,0,90,1.0,1,0.0
2.11,0.815339152120446,77.5,0,90,1.0,1,0.0
2.115,0.9768711246313155,77.50000285328441,1,90,1.0,1,5.883060647572643e-08
2.12,0.9726380909165361,77.50000562140409,0,90,1.0,1,1.1590523887282392e-07
2.125,0.7921091683291741,77.50001183073464,0,90,1.0,1,2.4393267289710397e-07
2.13,0.49139090102639077,77.50002762917026,0,90,1.0,1,5.696736136471992e-07
2.135,0.15739335672107918,77.50007245443882,0,90,1.0,1,1.4939059550923367e-06
2.14,-0.11102342218909485,77.50020725996767,0,90,1.0,1,4.273401395187075e-06
2.145,-0.2314207883647528,77.50061582704151,0,90,1.0,1,1.269746477348854e-05
2.15,-0.2029124434754801,77.50182248868452,0,90,1.0,1,3.757708627885804e-05
2.155,-0.11151350554305876,77.5052310715901,0,90,1.0,1,0.00010785714618768954
2.16,-0.039430666652076896,77.51435172175279,0,90,1.0,1,0.0002959117887172917
2.165,-0.006087703519843621,77.53735285072946,0,90,1.0,1,0.0007701618707105621
2.17,0.005350271385530551,77.5918691803079,0,90,1.0,1,0.0018942099032555814
2.175,0.010381647827441833,77.71309481986977,0,90,1.0,1,0.004393707626180756
2.18,0.015115203303506243,77.96566482587883,0,90,1.0,1,0.009601336616058397
2.185,0.021170964062928475,78.45812550344493,0,90,1.0,1,0.01975516501948315
2.19,0.029082821134029553,79.35558674678168,0,90,1.0,1,0.03825952055219964
2.195,0.03923107061708144,80.88198151748664,0,90,1.0,1,0.06973157768013682
2.2,0.051969043308817596,83.30025257051231,0,90,1.0,1,0.11959283650540853
2.205,0.06760532616283861,86.86014114836432,0,90,1.0,1,0.19299260099720247
2.21,0.08636519236693461,91.71228864363101,0,90,1.0,1,0.29303687925012395
2.215,0.10834733138818661,97.80423612993579,0,90,1.0,1,0.4186440439162018
2.22,0.1334809643017884,104.79307462662686,0,90,1.0,1,0.5627438067345745
2.225,0.16148868344343945,112.02004978372179,0,90,1.0,1,0.7117536037880781
2.23,0.191860907532018,118.58316466468419,0,90,1.0,1,0.8470755600965812
2.235,0.22384764873847726,123.51148828718976,0,90,1.0,1,0.9486904801482425
2.24,0.25647215537198226,126.0,0,90,1.0,1,1.0
2.245,0.2885689161419028,125.62830221298329,0,90,1.0,1,0.9923361281027482
2.25,0.31884566517832524,122.48203243932362,0,90,1.0,1,0.9274645863778066
2.255,0.3459657668955683,117.12925074937131,0,90,1.0,1,0.8170979535952847
2.26,0.3686441789190902,110.46116941721593,0,90,1.0,1,0.6796117405611531
2.265,0.3857476379544367,103.45897551850818,0,90,1.0,1,0.5352366086290347
2.27,0.3963882865005728,96.97065636772538,0,90,1.0,1,0.4014568323242347
2.275,0.4,91.56589466519785,0,90,1.0,1,0.29001844670511023
2.28,0.39638828650057273,87.49604796974954,0,90,1.0,1,0.206104081850506
2.285,0.38574763795443656,84.74329427423734,0,90,1.0,1,0.14934627369561532
2.29,0.36864417891908974,83.11746244254847,0,90,1.0,1,0.11582396788759737
2.295,0.345965766895568,82.3568848664176,0,90,1.0,1,0.10014195600861034
2.3,0.3188456651783249,82.20419486948393,0,90,1.0,1,0.09699370864915315
2.305,0.28856891614190205,82.4474226772088,0,90,1.0,1,0.102008714993996
2.31,0.2564721553719815,82.93146838815557,0,90,1.0,1,0.11198903893104258
2.315,0.22384764873847685,83.55144100802794,0,90,1.0,1,0.12477197954696775
2.32,0.19186090753201765,84.23890517799641,0,90,1.0,1,0.13894649851539
2.325,0.16148868344343878,84.94831218827366,0,90,1.0,1,0.15357344718090024
2.33,0.1334809643017881,85.64686744660881,0,90,1.0,1,0.16797664838368678
2.335,0.10834733138818531,86.30832747591782,0,90,1.0,1,0.18161499950346022
2.34,0.08636519236690572,86.90992131114385,0,90,1.0,1,0.19401899610605872
2.345,0.06760532616242629,87.43130093518502,0,90,1.0,1,0.20476909144711383
2.35,0.05196904332202373,87.85460739278714,0,90,1.0,1,0.21349705964509577
2.355,0.03923107185803287,88.16503318602679,0,90,1.0,1,0.21989759146446988
2.36,0.02908287038705761,88.35150634707973,0,90,1.0,1,0.2237423989088605
2.365,0.02117220077308346,88.40728293523891,0,90,1.0,1,0.22489243165441053
2.37,0.0151361834125735,88.33033092317498,0,90,1.0,1,0.22330579223041203
2.375,0.010626454858290009,88.12344658788109,0,90,1.0,1,0.21904013583259982
2.38,0.007326255555493652,87.79408397232552,0,90,1.0,1,0.2122491540685675
2.385,0.004960179211183015,87.35390857822988,0,90,1.0,1,0.20317337274700778
2.39,0.0032978759379303545,86.81811153597118,0,90,1.0,1,0.19212601105095226
2.395,0.002153242296767213,86.20454017631614,0,90,1.0,1,0.17947505518177614
2.4,0.001380616732225004,85.5327142396845,0,90,1.0,1,0.1656229740141133
2.405,0.0008693106590991584,84.82280306012088,0,90,1.0,1,0.15098563010558508
2.41,0.000537524815942247,84.09463776038064,0,90,1.0,2,0.13597191258516775
2.415,0.0003263951340288585,83.36682439710084,0,90,1.0,2,0.1209654514866153
2.42,0.00019463030985187395,82.65601043153745,0,90,1.0,2,0.10630949343376192
2.425,0.00011397219555062695,81.97633972309383,0,90,1.0,2,0.09229566439368721
2.43,6.55403863487943e-05,81.33911255053565,0,90,1.0,2,0.07915695980485868
2.435,3.701184389455385e-05,80.75264902476607,0,90,1.0,2,0.0670649283456922
2.44,2.0525516217290957e-05,80.22233844465784,0,90,1.0,2,0.05613068958057395
2.445,1.1178128483661116e-05,79.75084496649728,0,90,1.0,2,0.04640917456695429
2.45,5.978135409912517e-06,79.33843213578254,0,90,1.0,2,0.03790581723262969
2.455,3.1396702713238487e-06,78.9833655092204,0,90,1.0,2,0.030584855860214546
2.46,1.6192875458531019e-06,78.682353399043,0,90,1.0,2,0.02437842059882464
2.465,8.201353897972012e-07,78.43098993416538,0,90,1.0,2,0.019195668745677973
2.47,4.0791415086824765e-07,78.22417115200214,0,90,1.0,2,0.014931363958807063
2.475,1.9923866938774793e-07,78.05646263625866,0,90,1.0,2,0.011473456417704288
2.48,9.556527981051257e-08,77.92240529264143,0,90,1.0,2,0.008709387477142862
2.485,4.501406988770349e-08,77.81675337219069,0,90,1.0,2,0.006530997364756479
2.49,0.0,77.73464521201578,0,90,1.0,2,0.004838045608572738
2.495,0.0,77.6717120211314,0,90,1.0,2,0.0035404540439463563
2.5,0.0,77.62413328746686,0,90,1.0,2,0.002559449226120855
2.505,0.0,77.58864910755129,0,90,1.0,2,0.0018278166505420771
2.51,0.0,77.56254016636984,0,90,1.0,2,0.0012894879663885074
2.515,0.0,77.54358552186387,0,90,1.0,2,0.0008986705538943297
2.52,0.0,77.53000709975734,0,90,1.0,2,0.0006187030877802349
2.525,0.0,77.52040818335705,0,90,1.0,2,0.00042078728571233844
2.53,0.0,77.51371144502332,0,90,1.0,2,0.00028271020666635973
2.535,0.0,77.50910040372447,0,90,1.0,2,0.00018763719019534853
2.54,0.0,77.50596673357165,0,90,1.0,2,0.00012302543446709286
2.545,0.0,77.5038646590576,0,90,1.0,2,7.968369190923545e-05
2.55,0.0,77.50247277317126,0,90,1.0,2,5.098501384047511e-05
2.555,0.0,77.50156298902219,0,90,1.0,2,3.222657777711771e-05
2.56,0.0,77.50097594676535,0,90,1.0,2,2.0122613718576384e-05
2.565,0.0,77.50060199777202,0,90,1.0,2,1.2412325196347533e-05
2.57,0.0,77.50036682775895,0,90,1.0,2,7.563458947475906e-06
2.575,0.0,77.50022081473722,0,90,1.0,2,4.552881179766775e-06
2.58,0.0,77.50013130838836,0,90,1.0,2,2.707389450754996e-06
2.585,0.0,77.50007713570277,0,90,1.0,2,1.5904268611824797e-06
2.59,0.0,77.50004476277108,0,90,1.0,2,9.229437336633748e-07
2.595,0.0,77.5000256612047,0,90,1.0,2,5.290970041749967e-07
2.6,0.0,77.50001453234408,0,90,1.0,2,2.996359604512503e-07
2.605,0.001684486749771458,77.50000813004326,0,90,1.0,2,1.6762975784547157e-07
2.61,0.004172395771277602,77.50000449312597,0,90,1.0,2,9.264177259462213e-08
2.615,0.009438687428818865,77.50000245303015,0,90,1.0,2,5.057794121207688e-08
2.62,0.019500507867137046,77.50000132298747,0,90,1.0,2,2.7278092215731037e-08
2.625,0.03679496976339974,77.50000070486692,0,90,1.0,2,1.4533338564677289e-08
2.63,0.06340728953298436,77.50000037098563,0,90,1.0,2,7.64918827934304e-09
2.635,0.09979255396093453,77.50000019288817,0,90,1.0,2,3.97707558524004e-09
2.64,0.14343835518453557,77.5000000990724,0,90,1.0,2,2.042729788299016e-09
2.645,0.18829581417209276,77.50000005026877,0,90,1.0,2,1.0364694211715425e-09
2.65,0.2257481735193119,77.50000002519663,0,90,1.0,2,5.195180826198451e-10
2.655,0.24718154073554727,77.50000001247628,0,90,1.0,2,2.572428410033907e-10
2.66,0.24718154074102772,77.50000000610277,0,90,1.0,2,1.2583023283124142e-10
2.665,0.22574817354072055,77.50000000294894,0,90,1.0,2,6.080282669104563e-11
2.67,0.18829581422840957,77.50000000140768,0,90,1.0,2,2.90244254747168e-11
2.675,0.14343835532456656,77.5000000006638,0,90,1.0,2,1.3686664630964965e-11
2.68,0.09979255431561854,77.50000000030923,0,90,1.0,2,6.375839146449394e-12
2.685,0.06340729067170194,77.50000000014231,0,90,1.0,2,2.9341752395470693e-12
2.69,0.03679497683410042,77.50000000006469,0,90,1.0,2,1.3337692920329797e-12
2.695,0.019500578284482293,77.50000000002905,0,90,1.0,2,5.989069492344927e-13
2.7,0.009439396781978427,77.50000000001289,0,90,1.0,2,2.6575763353996326e-13
2.705,0.004178588733610924,77.50000000000564,0,90,1.0,2,1.1632390354505557e-13
2.71,0.0017299316936037381,77.50000000000244,0,90,1.0,2,5.03972579590669e-14
2.715,0.0008997325756988589,77.50000000000105,0,90,1.0,2,2.1682541214947386e-14
2.72,0.001634769674224814,77.50000000000044,0,90,1.0,2,9.083226725180661e-15
2.725,0.00614904736476635,77.50000000000018,0,90,1.0,2,3.809095078301568e-15
2.73,0.02168080359963608,77.50000000000007,0,90,1.0,2,1.465036568577526e-15
2.735,0.06433400338904088,77.50000000000003,0,90,1.0,2,5.860146274310105e-16
2.74,0.1593410769217493,77.50000000000001,0,90,1.0,2,2.9300731371550523e-16
2.745,0.3291989194808569,77.5,0,90,1.0,2,0.0
2.75,0.5672906802982638,77.5,0,90,1.0,2,0.0
2.755,0.815339152120446,77.5,0,90,1.0,2,0.0
2.76,0.9768711246313155,77.50000284359693,1,90,1.0,2,5.8630864561995826e-08
2.765,0.9726380909165361,77.50000548419933,0,90,1.0,2,1.1307627494144193e-07
2.77,0.7921091683291741,77.50001124088986,0,90,1.0,2,2.317709249813767e-07
2.775,0.49139090102639077,77.50002536697961,0,90,1.0,2,5.230305075000024e-07
2.78,0.15739335672107918,77.50006389056809,0,90,1.0,2,1.3173313007395262e-06
2.785,-0.11102342218909485,77.50017550461766,0,90,1.0,2,3.6186519104816886e-06
2.79,-0.2314207883647528,77.50050312573545,0,90,1.0,2,1.037372650410024e-05
2.795,-0.2029124434754801,77.50144560488555,0,90,1.0,2,2.9806286299926985e-05
2.8,-0.11151350554305876,77.50405253381912,0,90,1.0,2,8.355739833237495e-05
2.805,-0.039430666652076896,77.51091584732082,0,90,1.0,2,0.0002250690169240588
2.81,-0.006087703519843621,77.52802210333864,0,90,1.0,2,0.0005777753265699489
2.815,0.005350271385530551,77.56826624200473,0,90,1.0,2,0.0014075513815407234
2.82,0.010381647827441833,77.65747108052543,0,90,1.0,2,0.003246826402586094
2.825,0.015115203303506243,77.84353029025743,0,90,1.0,2,0.007083098768194506
2.83,0.021170964062928475,78.208294728616,0,90,1.0,2,0.014604015023010236
2.835,0.029082821134029553,78.87971080766134,0,90,1.0,2,0.02844764551879051
2.84,0.03923107061708144,80.03860769687986,0,90,1.0,2,0.052342426739791025
2.845,0.051969043308817596,81.9114678020172,0,90,1.0,2,0.0909580990106639
2.85,0.06760532616283861,84.73967911802492,0,90,1.0,2,0.14927173439226646
2.855,0.08636519236693461,88.71983424376735,0,90,1.0,2,0.23133678853128561
2.86,0.10834733138818661,93.92009701837561,0,90,1.0,2,0.3385587014098065
2.865,0.1334809643017884,100.19265177353559,0,90,1.0,2,0.46788972728939354
2.87,0.16148868344343945,107.11553201194583,0,90,1.0,2,0.6106295260195017
2.875,0.191860907532018,113.99980843728613,0,90,1.0,2,0.7525733698409512
2.88,0.22384764873847726,119.98355460807562,0,90,1.0,2,0.8759495795479509
2.885,0.25647215537198226,124.2034706308707,0,90,1.0,2,0.9629581573375402
2.89,0.2885689161419028,126.0,0,90,1.0,2,1.0
2.895,0.31884566517832524,125.0896730388076,0,90,1.0,2,0.9812303719341774
2.9,0.3459657668955683,121.64309031720336,0,90,1.0,2,0.9101668106639867
2.905,0.3686441789190902,116.23941024525399,0,90,1.0,2,0.7987507267062679
2.91,0.3857476379544367,109.71438740562652,0,90,1.0,2,0.6642141733118871
2.915,0.3963882865005728,102.95711288915504,0,90,1.0,2,0.5248889255495884
2.92,0.4,96.72341910788755,0,90,1.0,2,0.39635915686366086
2.925,0.39638828650057273,91.51813811820595,0,90,1.0,2,0.28903377563311244
2.93,0.38574763795443656,87.5651096594767,0,90,1.0,2,0.2075280342160145
2.935,0.36864417891908974,84.85055753012354,0,90,1.0,2,0.15155788721904204
2.94,0.345965766895568,83.20599367449054,0,90,1.0,2,0.11764935411320707
2.945,0.3188456651783249,82.39522658019695,0,90,1.0,2,0.10093250680818448
2.95,0.28856891614190205,82.18134970860318,0,90,1.0,2,0.09652267440418925
2.955,0.2564721553719815,82.36490781207327,0,90,1.0,2,0.10030737756852103
2.96,0.22384764873847685,82.79649701173709,0,90,1.0,2,0.10920612395334202
2.965,0.19186090753201765,83.37281201706614,0,90,1.0,2,0.12108890756837398
2.97,0.16148868344343878,84.02539184144003,0,90,1.0,2,0.1345441616791758
2.975,0.1334809643017881,84.70859251846929,0,90,1.0,2,0.14863077357668636
2.98,0.10834733138818531,85.39005201648826,0,90,1.0,2,0.1626814848760465
2.985,0.08636519236690572,86.044472758779,0,90,1.0,2,0.17617469605729885
2.99,0.06760532616242629,86.65025529584166,0,90,1.0,2,0.1886650576462198
2.995,0.05196904332202373,87.18810890053072,0,90,1.0,2,0.19975482269135508
3.0,0.03923107185803287,87.64083038423249,0,90,1.0,2,0.2090892862728348
3.005,0.02908287038705761,87.99366494888493,0,90,1.0,2,0.21636422575020467
3.01,0.02117220077308346,88.23487689607546,0,90,1.0,2,0.2213376679603188
3.015,0.0151361834125735,88.35631072246048,0,90,1.0,2,0.2238414581950614
3.02,0.010626454858290009,88.35381801207184,0,90,1.0,2,0.22379006210457403
3.025,0.007326255555493652,88.22748246937488,0,90,1.0,2,0.22118520555412116
3.03,0.004960179211183015,87.98161207029037,0,90,1.0,2,0.21611571278949213
3.035,0.0032978759379303545,87.62449423525337,0,90,1.0,2,0.20875245845883228
3.04,0.002153242296767213,87.1679318019965,0,90,1.0,2,0.199338800041165
3.045,0.001380616732225004,86.62659553682514,0,90,1.0,2,0.18817722756340485
3.05,0.0008693106590991584,86.01724256371354,0,90,1.0,2,0.1756132487363616
3.055,0.000537524815942247,85.35785865287932,0,90,1.0,2,0.16201770418307868
3.06,0.0003263951340288585,84.66678530372789,0,90,1.0,2,0.1477687691490287
3.065,0.00019463030985187395,83.96189001381458,0,90,1.0,2,0.1332348456456615
3.07,0.00011397219555062695,83.25983064690726,0,90,1.0,2,0.11875939478159302
3.075,6.55403863487943e-05,82.57545348721757,0,90,1.0,2,0.10464852550964067
3.08,3.701184389455385e-05,81.92135081114074,0,90,1.0,2,0.09116187239465445
3.085,2.0525516217290957e-05,81.30758917718623,0,90,1.0,2,0.07850699334404598
3.09,1.1178128483661116e-05,80.74160562584288,0,90,1.0,2,0.06683722939882226
3.095,5.978135409912517e-06,80.22825686325584,0,90,1.0,2,0.05625271883001725
3.1,3.1396702713238487e-06,79.76999719568829,0,90,1.0,2,0.046804065890480216
3.105,1.6192875458531019e-06,79.36715499256925,0,90,1.0,2,0.03849804108390215
3.11,8.201353897972012e-07,79.01827487455601,0,90,1.0,2,0.03130463658878378
3.115,4.0791415086824765e-07,78.72049337182925,0,90,1.0,2,0.0251648117902938
3.12,1.9923866938774793e-07,78.46991891897598,0,90,1.0,2,0.01999832822630882
3.125,9.556527981051257e-08,78.26199201676988,0,90,1.0,2,0.015711175603502697
3.13,4.501406988770349e-08,78.09180740822781,0,90,1.0,2,0.01220221460263522
3.135,0.0,77.95438643595452,0,90,1.0,2,0.009368792493907593
3.14,0.0,77.8448937347729,0,90,1.0,2,0.007111211026245273
3.145,0.0,77.75879759554243,0,90,1.0,2,0.005336032897782116
3.15,0.0,77.69197742146481,0,90,1.0,2,0.003958297349789957
3.155,0.0,77.640784569316,0,90,1.0,2,0.0029027746250721038
3.16,0.0,77.60206455450907,0,90,1.0,2,0.0021044238043107246
3.165,0.0,77.5731492398329,0,90,1.0,2,0.0015082317491319794
3.17,0.0,77.55182743021956,0,90,1.0,2,0.0010686068086507364
3.175,0.0,77.53630149568863,0,90,1.0,2,0.0007484844471883127
3.18,0.0,77.52513647346169,0,90,1.0,2,0.0005182778033337254
3.185,0.0,77.51720676241366,0,90,1.0,2,0.0003547786064673088
3.19,0.0,77.511644181374,0,90,1.0,2,0.00024008621389681167
3.195,0.0,77.50778993342809,0,90,1.0,2,0.00016061718408424248
3.2,0.0,77.50515197226336,0,90,1.0,2,0.00010622623223428528
3.205,0.0,77.50336843577756,0,90,1.0,2,6.945228407339903e-05
3.21,0.0,77.50217719842811,0,90,1.0,2,4.489068923947381e-05
3.215,0.0,77.50139117811788,0,90,1.0,2,2.868408490484136e-05
3.22,0.0,77.50087878462313,0,90,1.0,2,1.8119270579912145e-05
3.225,0.0,77.50054877857231,0,90,1.0,2,1.1315022109465176e-05
3.23,0.0,77.50033878707026,0,90,1.0,2,6.985300417782878e-06
3.235,0.0,77.50020676236647,0,90,1.0,2,4.263141576790151e-06
3.24,0.0,77.50012474729766,0,90,1.0,2,2.5721092301349007e-06
3.245,0.0,77.50007440562757,0,90,1.0,2,1.5341366509712372e-06
3.25,0.0,77.5000438728055,0,90,1.0,2,9.045939279563829e-07
3.255,0.0,77.50002557407974,0,90,1.0,2,5.273006132535284e-07
3.26,0.0,77.50001473735715,0,90,1.0,2,3.038630339786548e-07
3.265,0.0,77.50000839564733,0,90,1.0,2,1.7310613046545994e-07
3.27,0.001684486749771458,77.50000472828614,0,90,1.0,2,9.74904359394451e-08
3.275,0.004172395771277602,77.50000263249952,0,90,1.0,2,5.4278340539238665e-08
3.28,0.009438687428818865,77.50000144893144,0,90,1.0,2,2.987487510067366e-08
3.285,0.019500507867137046,77.50000078839227,0,90,1.0,2,1.6255510733581387e-08
3.29,0.03679496976339974,77.50000042408398,0,90,1.0,2,8.743999558777732e-09
3.295,0.06340728953298436,77.50000022551548,0,90,1.0,2,4.649803676113958e-09
3.3,0.09979255396093453,77.5000001185539,0,90,1.0,2,2.4444102915911515e-09
3.305,0.14343835518453557,77.50000006161271,0,90,1.0,2,1.270365146410768e-09
3.31,0.18829581417209276,77.5000000316548,0,90,1.0,2,6.526764283671113e-10
3.315,0.2257481735193119,77.5000000160777,0,90,1.0,2,3.3149909850368374e-10
3.32,0.24718154073554727,77.50000000807279,0,90,1.0,2,1.664492507169945e-10
3.325,0.24718154074102772,77.50000000400718,0,90,1.0,2,8.262220232149817e-11
3.33,0.22574817354072055,77.50000000196638,0,90,1.0,2,4.054400801344189e-11
3.335,0.18829581422840957,77.50000000095392,0,90,1.0,2,1.9668408940467004e-11
3.34,0.14343835532456656,77.50000000045748,0,90,1.0,2,9.432491443129545e-12
3.345,0.09979255431561854,77.50000000021689,0,90,1.0,2,4.471877621926041e-12
3.35,0.06340729067170194,77.50000000010165,0,90,1.0,2,2.095881315007009e-12
3.355,0.03679497683410042,77.5000000000471,0,90,1.0,2,9.710262376531843e-13
3.36,0.019500578284482293,77.50000000002157,0,90,1.0,2,4.4478510222013693e-13
3.365,0.009439396781978427,77.50000000000976,0,90,1.0,2,2.0129602452255209e-13
3.37,0.004178588733610924,77.50000000000438,0,90,1.0,2,9.02462526243756e-14
3.375,0.0017299316936037381,77.50000000000193,0,90,1.0,2,3.984899466530871e-14
3.38,0.0008997325756988589,77.50000000000085,0,90,1.0,2,1.7580438822930315e-14
3.385,0.001634769674224814,77.50000000000037,0,90,1.0,2,7.618190156603136e-15
3.39,0.00614904736476635,77.50000000000016,0,90,1.0,2,3.2230804508705575e-15
3.395,0.02168080359963608,77.50000000000007,0,90,1.0,2,1.465036568577526e-15
3.4,0.06433400338904088,77.50000000000003,0,90,1.0,2,5.860146274310105e-16
3.405,0.1593410769217493,77.50000000000001,0,90,1.0,2,2.9300731371550523e-16
3.41,0.3291989194808569,77.5,0,90,1.0,2,0.0
3.415,0.5672906802982638,77.5,0,90,1.0,2,0.0
3.42,0.815339152120446,77.5,0,90,1.0,2,0.0
3.425,0.9768711246313155,77.50000284586159,1,90,1.0,2,5.8677558500516847e-08
3.43,0.9726380909165361,77.50000540621835,0,90,1.0,2,1.1146841957598394e-07
3.435,0.7921091683291741,77.5000108768639,0,90,1.0,2,2.2426523498287464e-07
3.44,0.49139090102639077,77.5000239632854,0,90,1.0,2,4.940883587719842e-07
3.445,0.15739335672107918,77.50005866103898,0,90,1.0,2,1.2095059582978926e-06
3.45,-0.11102342218909485,77.5001565274914,0,90,1.0,2,3.2273709566722866e-06
3.455,-0.2314207883647528,77.50043717338163,0,90,1.0,2,9.013884157259303e-06
3.46,-0.2029124434754801,77.50122904689188,0,90,1.0,2,2.534117302843697e-05
3.465,-0.11151350554305876,77.50338542462353,0,90,1.0,2,6.980256955733511e-05
3.47,-0.039430666652076896,77.50899344295689,0,90,1.0,2,0.0001854318135441804
3.475,-0.006087703519843621,77.52284424176906,0,90,1.0,2,0.00047101529420751363
3.48,0.005350271385530551,77.55523138800068,0,90,1.0,2,0.0011387915051686152
3.485,0.010381647827441833,77.62679470536686,0,90,1.0,2,0.002614323821997157
3.49,0.015115203303506243,77.77602863433232,0,90,1.0,2,0.005691312048089076
3.495,0.021170964062928475,78.06941882061071,0,90,1.0,2,0.011740594239396024
3.5,0.029082821134029553,78.61264705687972,0,90,1.0,2,0.022941176430509753
3.505,0.03923107061708144,79.55887006289213,0,90,1.0,2,0.04245092913179641
3.51,0.051969043308817596,81.10733409746567,0,90,1.0,2,0.07437802262815808
3.515,0.06760532616283861,83.4840347084959,0,90,1.0,2,0.12338215893805975
3.52,0.08636519236693461,86.89791075708786,0,90,1.0,2,0.19377135581624447
3.525,0.10834733138818661,91.47290531438892,0,90,1.0,2,0.28810114050286445
3.53,0.1334809643017884,97.16780461229023,0,90,1.0,2,0.40552174458330364
3.535,0.16148868344343945,103.70838557386074,0,90,1.0,2,0.5403790839971286
3.54,0.191860907532018,110.56339952140614,0,90,1.0,2,0.6817195777609514
3.545,0.22384764873847726,116.9905505634757,0,90,1.0,2,0.8142381559479525
3.55,0.25647215537198226,122.1585552525796,0,90,1.0,2,0.9207949536614352
3.555,0.2885689161419028,125.32204653102696,0,90,1.0,2,0.9860215779593187
3.56,0.31884566517832524,126.0,0,90,1.0,2,1.0
3.565,0.3459657668955683,124.09929318952061,0,90,1.0,2,0.960810168856095
3.57,0.3686441789190902,119.94001348411793,0,90,1.0,2,0.8750518244148026
3.575,0.3857476379544367,114.17337664266108,0,90,1.0,2,0.7561520957249708
3.58,0.3963882865005728,107.62152108345802,0,90,1.0,2,0.6210622903805777
3.585,0.4,101.0936464742221,0,90,1.0,2,0.4864669376128268
3.59,0.39638828650057273,95.23476363020654,0,90,1.0,2,0.3656652294887947
3.595,0.38574763795443656,90.4435854989949,0,90,1.0,2,0.2668780515256682
3.6,0.36864417891908974,86.86645009682657,0,90,1.0,2,0.19312268240879524
3.605,0.345965766895568,84.44866361769579,0,90,1.0,2,0.14327141479785124
3.61,0.3188456651783249,83.01238886958782,0,90,1.0,2,0.11365750246572832
3.615,0.28856891614190205,82.33219786893802,0,90,1.0,3,0.09963294575129947
3.62,0.2564721553719815,82.19037236159303,0,90,1.0,3,0.09670870848645433
3.625,0.22384764873847685,82.4067713597822,0,90,1.0,3,0.10117054350066387
3.63,0.19186090753201765,82.84733349045737,0,90,1.0,3,0.11025429877231697
3.635,0.16148868344343878,83.41925731830845,0,90,1.0,3,0.12204654264553512
3.64,0.1334809643017881,84.06060249564256,0,90,1.0,3,0.13527015454933106
3.645,0.10834733138818531,84.7296112585338,0,90,1.0,3,0.14906414966049059
3.65,0.08636519236690572,85.39633568541677,0,90,1.0,3,0.16281104506013966
3.655,0.06760532616242629,86.03717687645855,0,90,1.0,3,0.17602426549399064
3.66,0.05196904332202373,86.63190565549688,0,90,1.0,3,0.18828671454632742
3.665,0.03923107185803287,87.16241124326619,0,90,1.0,3,0.19922497408796272
3.67,0.02908287038705761,87.61248306715446,0,90,1.0,3,0.20850480550833933
3.675,0.02117220077308346,87.96811794886472,0,90,1.0,3,0.21583748348174672
3.68,0.0151361834125735,88.21802622801505,0,90,1.0,3,0.22099023150546493
3.685,0.010626454858290009,88.35414161770949,0,90,1.0,3,0.2237967343857626
3.69,0.007326255555493652,88.37202232834514,0,90,1.0,3,0.22416540883185854
3.695,0.004960179211183015,88.27108106749418,0,90,1.0,3,0.22208414572152949
3.7,0.0032978759379303545,88.05461363524023,0,90,1.0,3,0.21762089969567486
3.705,0.002153242296767213,87.7296191903864,0,90,1.0,3,0.21091998330693612
3.71,0.001380616732225004,87.30642415743608,0,90,1.0,3,0.20219431252445533
3.715,0.0008693106590991584,86.79813742453794,0,90,1.0,3,0.19171417370181323
3.72,0.000537524815942247,86.21997675578243,0,90,1.0,3,0.17979333517077167
3.725,0.0003263951340288585,85.58851459767371,0,90,1.0,3,0.16677349685925172
3.73,0.00019463030985187395,84.92089522273513,0,90,1.0,3,0.15300814892237374
3.735,0.00011397219555062695,84.2340743273611,0,90,1.0,3,0.13884689334765155
3.74,6.55403863487943e-05,83.54412713946391,0,90,1.0,3,0.1246211781332765
3.745,3.701184389455385e-05,82.86566255613282,0,90,1.0,3,0.11063221765222306
3.75,2.0525516217290957e-05,82.2113698868779,0,90,1.0,3,0.09714164715212173
3.755,1.1178128483661116e-05,81.59171264922182,0,90,1.0,3,0.08436520926230553
3.76,5.978135409912517e-06,81.0147717845139,0,90,1.0,3,0.07246952133018345
3.765,3.1396702713238487e-06,80.48622973646444,0,90,1.0,3,0.06157174714359665
3.77,1.6192875458531019e-06,80.00947792665202,0,90,1.0,3,0.0517418129206603
3.775,8.201353897972012e-07,79.58582382558662,0,90,1.0,3,0.04300667681621888
3.78,4.0791415086824765e-07,79.21477027933115,0,90,1.0,3,0.03535608823363192
3.785,1.9923866938774793e-07,78.89433892375651,0,90,1.0,3,0.02874925615992798
3.79,9.556527981051257e-08,78.62141105818226,0,90,1.0,3,0.02312187748829404
3.795,4.501406988770349e-08,78.39206273455854,0,90,1.0,3,0.018393046073371874
3.8,0.0,78.20187543065295,0,90,1.0,3,0.014471658363978296
3.805,0.0,78.04620888776554,0,90,1.0,3,0.01126203892300092
3.81,0.0,77.9204279351801,0,90,1.0,3,0.00866861722020826
3.815,0.0,77.82007993256983,0,90,1.0,3,0.0065995862385531045
3.82,0.0,77.74102351106553,0,90,1.0,3,0.004969556929186289
3.825,0.0,77.67951239873214,0,90,1.0,3,0.003701286571796767
3.83,0.0,77.63224022257143,0,90,1.0,3,0.0027266025272458896
3.835,0.0,77.59635333975864,0,90,1.0,3,0.0019866667991471345
3.84,0.0,77.56943909521827,0,90,1.0,3,0.0014317339220262168
3.845,0.0,77.54949660528963,0,90,1.0,3,0.0010205485626728467
3.85,0.0,77.53489641831816,0,90,1.0,3,0.000719513779755774
3.855,0.0,77.52433438497737,0,90,1.0,3,0.0005017398964405191
3.86,0.0,77.51678394216378,0,90,1.0,3,0.0003460606631707969
3.865,0.0,77.51144989895161,0,90,1.0,3,0.0002360803907548608
3.87,0.0,77.50772579914724,0,90,1.0,3,0.00015929482777810147
3.875,0.0,77.50515607531464,0,90,1.0,3,0.00010631083122978725
3.88,0.0,77.50340352677404,0,90,1.0,3,7.017580977394714e-05
3.885,0.0,77.50222214896947,0,90,1.0,3,4.581750452506846e-05
3.89,0.0,77.50143499784357,0,90,1.0,3,2.9587584403599846e-05
3.895,0.0,77.50091656528996,0,90,1.0,3,1.8898253401142864e-05
3.9,0.0,77.50057904143834,0,90,1.0,3,1.1938998728714274e-05
3.905,0.0,77.50036181782804,0,90,1.0,3,7.460161402809014e-06
3.91,0.0,77.50022361676467,0,90,1.0,3,4.610654941678749e-06
3.915,0.0,77.50013669506535,0,90,1.0,3,2.818454955680882e-06
3.92,0.0,77.50008264857955,0,90,1.0,3,1.7040944237109704e-06
3.925,0.0,77.50004942560916,0,90,1.0,3,1.0190847250055179e-06
3.93,0.0,77.50002923497637,0,90,1.0,3,6.027830178735121e-07
3.935,0.0,77.50001710360048,0,90,1.0,3,3.5265155637829334e-07
3.94,0.0,77.50000989706493,0,90,1.0,3,2.0406319438350074e-07
3.945,0.0,77.50000566447123,0,90,1.0,3,1.1679322127063117e-07
3.95,0.001684486749771458,77.50000320661198,0,90,1.0,3,6.611571089922212e-08
3.955,0.004172395771277602,77.50000179542606,0,90,1.0,3,3.7019093989544774e-08
3.96,0.009438687428818865,77.50000099431209,0,90,1.0,3,2.0501280178652132e-08
3.965,0.019500507867137046,77.50000054464309,0,90,1.0,3,1.1229754354363397e-08
3.97,0.03679496976339974,77.50000029507699,0,90,1.0,3,6.084061584429552e-09
3.975,0.06340728953298436,77.50000015812218,0,90,1.0,3,3.2602510656811926e-09
3.98,0.09979255396093453,77.50000008380778,0,90,1.0,3,1.727995396256879e-09
3.985,0.14343835518453557,77.50000004393492,0,90,1.0,3,9.058745964119732e-10
3.99,0.18829581417209276,77.50000002278082,0,90,1.0,3,4.697077183101503e-10
3.995,0.2257481735193119,77.50000001168324,0,90,1.0,3,2.408915678614969e-10
4.0,0.24718154073554727,77.5000000059264,0,90,1.0,3,1.221937190607183e-10
4.005,0.24718154074102772,77.5000000029734,0,90,1.0,3,6.130709227795003e-11
4.01,0.22574817354072055,77.50000000147553,0,90,1.0,3,3.0423242390394625e-11
4.015,0.18829581422840957,77.50000000072423,0,90,1.0,3,1.4932531728883294e-11
4.02,0.14343835532456656,77.50000000035159,0,90,1.0,3,7.249293948635315e-12
4.025,0.09979255431561854,77.50000000016882,0,90,1.0,3,3.4809268869402023e-12
4.03,0.06340729067170194,77.50000000008018,0,90,1.0,3,1.6531472639828805e-12
4.035,0.03679497683410042,77.50000000003766,0,90,1.0,3,7.764693813460888e-13
4.04,0.019500578284482293,77.5000000000175,0,90,1.0,3,3.606920031837869e-13
4.045,0.009439396781978427,77.50000000000804,0,90,1.0,3,1.6584213956297595e-13
4.05,0.004178588733610924,77.50000000000365,0,90,1.0,3,7.530287962488484e-14
4.055,0.0017299316936037381,77.50000000000165,0,90,1.0,3,3.3988848390998606e-14
4.06,0.0008997325756988589,77.50000000000072,0,90,1.0,3,1.4943372999490767e-14
4.065,0.001634769674224814,77.50000000000033,0,90,1.0,3,6.73916821545662e-15
4.07,0.00614904736476635,77.50000000000014,0,90,1.0,3,2.930073137155052e-15
4.075,0.02168080359963608,77.50000000000006,0,90,1.0,3,1.172029254862021e-15
4.08,0.06433400338904088,77.50000000000003,0,90,1.0,3,5.860146274310105e-16
4.085,0.1593410769217493,77.50000000000001,0,90,1.0,3,2.9300731371550523e-16
4.09,0.3291989194808569,77.5,0,90,1.0,3,0.0
4.095,0.5672906802982638,77.5,0,90,1.0,3,0.0
4.1,0.815339152120446,77.5,0,90,1.0,3,0.0
4.105,0.9768711246313155,77.50000285188469,1,90,1.0,3,5.88017461343474e-08
4.11,0.9726380909165361,77.500005472104,0,90,1.0,3,1.1282688645449e-07
4.115,0.7921091683291741,77.50001114553572,0,90,1.0,3,2.2980486026370402e-07
4.12,0.49139090102639077,77.50002494746741,0,90,1.0,3,5.143807713241201e-07
4.125,0.15739335672107918,77.50006223014493,0,90,1.0,3,1.283095771835169e-06
4.13,-0.11102342218909485,77.5001692753466,0,90,1.0,3,3.4902133318178834e-06
4.135,-0.2314207883647528,77.50048103204684,0,90,1.0,3,9.918186532683284e-06
4.14,-0.2029124434754801,77.50137207546508,0,90,1.0,3,2.8290215774943847e-05
4.145,-0.11151350554305876,77.50382388761822,0,90,1.0,3,7.884304367473877e-05
4.15,-0.039430666652076896,77.51025255192553,0,90,1.0,3,0.00021139282320685189
4.155,-0.006087703519843621,77.52622730260188,0,90,1.0,3,0.0005407691258119953
4.16,0.005350271385530551,77.56373480349473,0,90,1.0,3,0.0013141196596850547
4.165,0.010381647827441833,77.64679192528084,0,90,1.0,3,0.0030266376346564368
4.17,0.015115203303506243,77.82003264790949,0,90,1.0,3,0.006598611297102794
4.175,0.021170964062928475,78.16002289075324,0,90,1.0,3,0.013608719396974014
4.18,0.029082821134029553,78.78715565839514,0,90,1.0,3,0.026539291925672906
4.185,0.03923107061708144,79.87309703665223,0,90,1.0,3,0.04892983580726239
4.19,0.051969043308817596,81.6357728352696,0,90,1.0,3,0.08527366670658981
4.195,0.06760532616283861,84.31274116702575,0,90,1.0,3,0.14046889004176802
4.2,0.08636519236693461,88.10699478553131,0,90,1.0,3,0.21870092341301678
4.205,0.10834733138818661,93.10840244452054,0,90,1.0,3,0.3218227308148564
4.21,0.1334809643017884,99.20787973600085,0,90,1.0,3,0.44758514919589376
4.215,0.16148868344343945,106.03465479272373,0,90,1.0,3,0.5883433977881181
4.22,0.191860907532018,112.95149073900936,0,90,1.0,3,0.7309585719383372
4.225,0.22384764873847726,119.13158563547512,0,90,1.0,3,0.8583832089788684
4.23,0.25647215537198226,123.71388588995438,0,90,1.0,3,0.9528636265969976
4.235,0.2885689161419028,126.0,0,90,1.0,3,1.0
4.24,0.31884566517832524,125.63168033832994,0,90,1.0,3,0.9924057801717514
4.245,0.3459657668955683,122.68717513676035,0,90,1.0,3,0.9316943327167081
4.25,0.3686441789190902,117.66114684156429,0,90,1.0,3,0.8280648833312224
4.255,0.3857476379544367,111.33557350136091,0,90,1.0,3,0.6976406907497096
4.26,0.3963882865005728,104.5882963007817,0,90,1.0,3,0.5585215732119939
4.265,0.4,98.20380090084146,0,90,1.0,3,0.4268824928008548
4.27,0.39638828650057273,92.74127363349305,0,90,1.0,3,0.31425306460810415
4.275,0.38574763795443656,88.48579720411917,0,90,1.0,3,0.22651128255915806
4.28,0.36864417891908974,85.47562070635212,0,90,1.0,3,0.16444578775983748
4.285,0.345965766895568,83.57616312899322,0,90,1.0,3,0.1252817139998601
4.29,0.3188456651783249,82.5659171942369,0,90,1.0,3,0.10445190091210109
4.295,0.28856891614190205,82.2077740060747,0,90,1.0,3,0.09706750527989073
4.3,0.2564721553719815,82.29359471173308,0,90,1.0,3,0.09883700436563048
4.305,0.22384764873847685,82.66255827345258,0,90,1.0,3,0.10644450048355825
4.31,0.19186090753201765,83.20095515387028,0,90,1.0,3,0.11754546709010891
4.315,0.16148868344343878,83.83258540626372,0,90,1.0,3,0.13056877126316943
4.32,0.1334809643017881,84.50688720883298,0,90,1.0,3,0.1444719012130511
4.325,0.10834733138818531,85.18879930614817,0,90,1.0,3,0.1585319444566633
4.33,0.08636519236690572,85.85174343024126,0,90,1.0,3,0.1722008954688919
4.335,0.06760532616242629,86.47356190947447,0,90,1.0,3,0.1850218950407107
4.34,0.05196904332202373,87.0346351717773,0,90,1.0,3,0.19659041591293394
4.345,0.03923107185803287,87.51735949791845,0,90,1.0,3,0.20654349480244225
4.35,0.02908287038705761,87.90635065364523,0,90,1.0,3,0.2145639310029945
4.355,0.02117220077308346,88.1889541011337,0,90,1.0,3,0.22039080620894233
4.36,0.0151361834125735,88.35580849564253,0,90,1.0,3,0.22383110300293885
4.365,0.010626454858290009,88.4013164549309,0,90,1.0,3,0.22476941144187437
4.37,0.007326255555493652,88.32394120303454,0,90,1.0,3,0.2231740454233925
4.375,0.004960179211183015,88.12628788072502,0,90,1.0,3,0.21909871919020651
4.38,0.0032978759379303545,87.8149564468404,0,90,1.0,3,0.21267951436784327
4.385,0.002153242296767213,87.40017534035806,0,90,1.0,3,0.20412732660532085
4.39,0.001380616732225004,86.89524350085946,0,90,1.0,3,0.1937163608424632
4.395,0.0008693106590991584,86.31582296936395,0,90,1.0,3,0.18176954576008145
4.4,0.000537524815942247,85.67913444059066,0,90,1.0,3,0.16864194722867337
4.405,0.0003263951340288585,85.00311320618148,0,90,1.0,3,0.15470336507590685
4.41,0.00019463030985187395,84.3055827268295,0,90,1.0,3,0.1403212933366907
4.415,0.00011397219555062695,83.60349793607864,0,90,1.0,3,0.12584531826966266
4.42,6.55403863487943e-05,82.91230113964602,0,90,1.0,3,0.11159383793084575
4.425,3.701184389455385e-05,82.24542123587032,0,90,1.0,3,0.09784373682206855
4.43,2.0525516217290957e-05,81.613933357956,0,90,1.0,3,0.08482336820527836
4.435,1.1178128483661116e-05,81.0263823663777,0,90,1.0,3,0.07270891477067429
4.44,5.978135409912517e-06,80.48876119719017,0,90,1.0,3,0.06162394221010664
4.445,3.1396702713238487e-06,80.00462491990231,0,90,1.0,3,0.05164175092582087
4.45,1.6192875458531019e-06,79.57531413717051,0,90,1.0,3,0.042789982209701205
4.455,8.201353897972012e-07,79.20025733794617,0,90,1.0,3,0.035056852328787
4.46,4.0791415086824765e-07,78.8773208986497,0,90,1.0,3,0.028398369044323704
4.465,1.9923866938774793e-07,78.60317721354771,0,90,1.0,3,0.02274592192881876
4.47,9.556527981051257e-08,78.37366531514834,0,90,1.0,3,0.01801371783811018
4.475,4.501406988770349e-08,78.18412359953327,0,90,1.0,3,0.014105641227490006
4.48,0.0,78.02968017202754,0,90,1.0,3,0.010921240660361643
4.485,0.0,77.90549221983429,0,90,1.0,3,0.008360664326480135
4.49,0.0,77.80693117491525,0,90,1.0,3,0.0063284778333041036
4.495,0.0,77.72971488846713,0,90,1.0,3,0.00473638945293049
4.5,0.0,77.66999140059843,0,90,1.0,3,0.003504977331926474
4.505,0.0,77.624381109498,0,90,1.0,3,0.002564558958721715
4.51,0.0,77.58998529958369,0,90,1.0,3,0.001855367001725527
4.515,0.0,77.56436923879633,0,90,1.0,3,0.001327200799924356
4.52,0.0,77.54552760933194,0,90,1.0,3,0.0009387135944730149
4.525,0.0,77.53183911478689,0,90,1.0,3,0.0006564765935441408
4.53,0.0,77.52201591751752,0,90,1.0,3,0.0004539364436602307
4.535,0.0,77.51505227902882,0,90,1.0,3,0.00031035626863550747
4.54,0.0,77.51017553839584,0,90,1.0,3,0.00020980491537818461
4.545,0.0,77.50680146081736,0,90,1.0,3,0.0001402363055125154
4.55,0.0,77.5044950721781,0,90,1.0,3,9.268190057942428e-05
4.555,0.0,77.50293738454126,0,90,1.0,3,6.056462971659852e-05
4.56,0.0,77.5018979055961,0,90,1.0,3,3.9132074146298636e-05
4.565,0.0,77.50121248974423,0,90,1.0,3,2.499978854089444e-05
4.57,0.0,77.50076589847964,0,90,1.0,3,1.5791721229734977e-05
4.575,0.0,77.50047835906365,0,90,1.0,3,9.863073477303842e-06
4.58,0.0,77.50029541087085,0,90,1.0,3,6.090945790679284e-06
4.585,0.0,77.50018038009229,0,90,1.0,3,3.7191771605897154e-06
4.59,0.0,77.50010890314022,0,90,1.0,3,2.2454255714627526e-06
4.595,0.0,77.5000650102546,0,90,1.0,3,1.3404176206560017e-06
4.6,0.0,77.50003837187288,0,90,1.0,3,7.911726366100336e-07
4.605,0.0,77.50002239410928,0,90,1.0,3,4.617342119555482e-07
4.61,0.0,77.500012922432,0,90,1.0,3,2.6644189703577083e-07
4.615,0.0,77.50000737300255,0,90,1.0,3,1.520206710571899e-07
4.62,0.001684486749771458,77.50000415943343,0,90,1.0,3,8.576151403242865e-08
4.625,0.004172395771277602,77.50000232013706,0,90,1.0,3,4.783787745772006e-08
4.63,0.009438687428818865,77.50000127962515,0,90,1.0,3,2.6384023763010605e-08
4.635,0.019500507867137046,77.50000069781701,0,90,1.0,3,1.4387979687394222e-08
4.64,0.03679496976339974,77.50000037626171,0,90,1.0,3,7.75797339771351e-09
4.645,0.06340728953298436,77.5000002005987,0,90,1.0,3,4.136055786523112e-09
4.65,0.09979255396093453,77.50000010574405,0,90,1.0,3,2.1802896899129167e-09
4.655,0.14343835518453557,77.50000005511545,0,90,1.0,3,1.1364010305507842e-09
4.66,0.18829581417209276,77.50000002840406,0,90,1.0,3,5.856507123473758e-10
4.665,0.2257481735193119,77.50000001447363,0,90,1.0,3,2.984253119534186e-10
4.67,0.24718154073554727,77.50000000729229,0,90,1.0,3,1.503564100257978e-10
4.675,0.24718154074102772,77.50000000363279,0,90,1.0,3,7.490292464166318e-11
4.68,0.22574817354072055,77.50000000178939,0,90,1.0,3,3.689460192111527e-11
4.685,0.18829581422840957,77.50000000087148,0,90,1.0,3,1.7968673513603357e-11
4.69,0.14343835532456656,77.50000000041966,0,90,1.0,3,8.652798981332584e-12
4.695,0.09979255431561854,77.50000000019982,0,90,1.0,3,4.119975838153719e-12
4.7,0.06340729067170194,77.50000000009408,0,90,1.0,3,1.9397084167966446e-12
4.705,0.03679497683410042,77.50000000004378,0,90,1.0,3,9.027555335574716e-13
4.71,0.019500578284482293,77.50000000002015,0,90,1.0,3,4.154843708485864e-13
4.715,0.009439396781978427,77.50000000000917,0,90,1.0,3,1.8898971734650088e-13
4.72,0.004178588733610924,77.50000000000412,0,90,1.0,3,8.497212097749652e-14
4.725,0.0017299316936037381,77.50000000000183,0,90,1.0,3,3.779794346930017e-14
4.73,0.0008997325756988589,77.50000000000081,0,90,1.0,3,1.67014168817838e-14
4.735,0.001634769674224814,77.50000000000036,0,90,1.0,3,7.32518284288763e-15
4.74,0.00614904736476635,77.50000000000016,0,90,1.0,3,3.2230804508705575e-15
4.745,0.02168080359963608,77.50000000000006,0,90,1.0,3,1.172029254862021e-15
4.75,0.06433400338904088,77.50000000000003,0,90,1.0,3,5.860146274310105e-16
4.755,0.1593410769217493,77.50000000000001,0,90,1.0,3,2.9300731371550523e-16
4.76,0.3291989194808569,77.5,0,90,1.0,3,0.0
4.765,0.5672906802982638,77.5,0,90,1.0,3,0.0
4.77,0.815339152120446,77.5,0,90,1.0,3,0.0
4.775,0.9768711246313155,77.50000284359693,1,90,1.0,3,5.8630864561995826e-08
4.78,0.9726380909165361,77.50000548419933,0,90,1.0,3,1.1307627494144193e-07
4.785,0.7921091683291741,77.50001124088986,0,90,1.0,3,2.317709249813767e-07
4.79,0.49139090102639077,77.50002536697961,0,90,1.0,3,5.230305075000024e-07
4.795,0.15739335672107918,77.50006389056809,0,90,1.0,3,1.3173313007395262e-06
4.8,-0.11102342218909485,77.50017550461766,0,90,1.0,3,3.6186519104816886e-06
4.805,-0.2314207883647528,77.50050312573545,0,90,1.0,3,1.037372650410024e-05
4.81,-0.2029124434754801,77.50144560488555,0,90,1.0,3,2.9806286299926985e-05
4.815,-0.11151350554305876,77.50405253381912,0,90,1.0,3,8.355739833237495e-05
4.82,-0.039430666652076896,77.51091584732082,0,90,1.0,4,0.0002250690169240588
4.825,-0.006087703519843621,77.52802210333864,0,90,1.0,4,0.0005777753265699489
4.83,0.005350271385530551,77.56826624200473,0,90,1.0,4,0.0014075513815407234
4.835,0.010381647827441833,77.65747108052543,0,90,1.0,4,0.003246826402586094
4.84,0.015115203303506243,77.84353029025743,0,90,1.0,4,0.007083098768194506
4.845,0.021170964062928475,78.208294728616,0,90,1.0,4,0.014604015023010236
4.85,0.029082821134029553,78.87971080766134,0,90,1.0,4,0.02844764551879051
4.855,0.03923107061708144,80.03860769687986,0,90,1.0,4,0.052342426739791025
4.86,0.051969043308817596,81.9114678020172,0,90,1.0,4,0.0909580990106639
4.865,0.06760532616283861,84.73967911802492,0,90,1.0,4,0.14927173439226646
4.87,0.08636519236693461,88.71983424376735,0,90,1.0,4,0.23133678853128561
4.875,0.10834733138818661,93.92009701837561,0,90,1.0,4,0.3385587014098065
4.88,0.1334809643017884,100.19265177353559,0,90,1.0,4,0.46788972728939354
4.885,0.16148868344343945,107.11553201194583,0,90,1.0,4,0.6106295260195017
4.89,0.191860907532018,113.99980843728613,0,90,1.0,4,0.7525733698409512
4.895,0.22384764873847726,119.98355460807562,0,90,1.0,4,0.8759495795479509
4.9,0.25647215537198226,124.2034706308707,0,90,1.0,4,0.9629581573375402
4.905,0.2885689161419028,126.0,0,90,1.0,4,1.0
4.91,0.31884566517832524,125.0896730388076,0,90,1.0,4,0.9812303719341774
4.915,0.3459657668955683,121.64309031720336,0,90,1.0,4,0.9101668106639867
4.92,0.3686441789190902,116.23941024525399,0,90,1.0,4,0.7987507267062679
4.925,0.3857476379544367,109.71438740562652,0,90,1.0,4,0.6642141733118871
4.93,0.3963882865005728,102.95711288915504,0,90,1.0,4,0.5248889255495884
4.935,0.4,96.72341910788755,0,90,1.0,4,0.39635915686366086
4.94,0.39638828650057273,91.51813811820595,0,90,1.0,4,0.28903377563311244
4.945,0.38574763795443656,87.5651096594767,0,90,1.0,4,0.2075280342160145
4.95,0.36864417891908974,84.85055753012354,0,90,1.0,4,0.15155788721904204
4.955,0.345965766895568,83.20599367449054,0,90,1.0,4,0.11764935411320707
4.96,0.3188456651783249,82.39522658019695,0,90,1.0,4,0.10093250680818448
4.965,0.28856891614190205,82.18134970860318,0,90,1.0,4,0.09652267440418925
4.97,0.2564721553719815,82.36490781207327,0,90,1.0,4,0.10030737756852103
4.975,0.22384764873847685,82.79649701173709,0,90,1.0,4,0.10920612395334202
4.98,0.19186090753201765,83.37281201706614,0,90,1.0,4,0.12108890756837398
4.985,0.16148868344343878,84.02539184144003,0,90,1.0,4,0.1345441616791758
4.99,0.1334809643017881,84.70859251846929,0,90,1.0,4,0.14863077357668636
4.995,0.10834733138818531,85.39005201648826,0,90,1.0,4,0.1626814848760465
5.0,0.08636519236690572,86.044472758779,0,90,1.0,4,0.17617469605729885
5.005,0.06760532616242629,86.65025529584166,0,90,1.0,4,0.1886650576462198
5.01,0.05196904332202373,87.18810890053072,0,90,1.0,4,0.19975482269135508
5.015,0.03923107185803287,87.64083038423249,0,90,1.0,4,0.2090892862728348
5.02,0.02908287038705761,87.99366494888493,0,90,1.0,4,0.21636422575020467
5.025,0.02117220077308346,88.23487689607546,0,90,1.0,4,0.2213376679603188
5.03,0.0151361834125735,88.35631072246048,0,90,1.0,4,0.2238414581950614
5.035,0.010626454858290009,88.35381801207184,0,90,1.0,4,0.22379006210457403
5.04,0.007326255555493652,88.22748246937488,0,90,1.0,4,0.22118520555412116
5.045,0.004960179211183015,87.98161207029037,0,90,1.0,4,0.21611571278949213
5.05,0.0032978759379303545,87.62449423525337,0,90,1.0,4,0.20875245845883228
5.055,0.002153242296767213,87.1679318019965,0,90,1.0,4,0.199338800041165
5.06,0.001380616732225004,86.62659553682514,0,90,1.0,4,0.18817722756340485
5.065,0.0008693106590991584,86.01724256371354,0,90,1.0,4,0.1756132487363616
5.07,0.000537524815942247,85.35785865287932,0,90,1.0,4,0.16201770418307868
5.075,0.0003263951340288585,84.66678530372789,0,90,1.0,4,0.1477687691490287
5.08,0.00019463030985187395,83.96189001381458,0,90,1.0,4,0.1332348456456615
5.085,0.00011397219555062695,83.25983064690726,0,90,1.0,4,0.11875939478159302
5.09,6.55403863487943e-05,82.57545348721757,0,90,1.0,4,0.10464852550964067
5.095,3.701184389455385e-05,81.92135081114074,0,90,1.0,4,0.09116187239465445
5.1,2.0525516217290957e-05,81.30758917718623,0,90,1.0,4,0.07850699334404598
5.105,1.1178128483661116e-05,80.74160562584288,0,90,1.0,4,0.06683722939882226
5.11,5.978135409912517e-06,80.22825686325584,0,90,1.0,4,0.05625271883001725
5.115,3.1396702713238487e-06,79.76999719568829,0,90,1.0,4,0.046804065890480216
5.12,1.6192875458531019e-06,79.36715499256925,0,90,1.0,4,0.03849804108390215
5.125,8.201353897972012e-07,79.01827487455601,0,90,1.0,4,0.03130463658878378
5.13,4.0791415086824765e-07,78.72049337182925,0,90,1.0,4,0.0251648117902938
5.135,1.9923866938774793e-07,78.46991891897598,0,90,1.0,4,0.01999832822630882
5.14,9.556527981051257e-08,78.26199201676988,0,90,1.0,4,0.015711175603502697
5.145,4.501406988770349e-08,78.09180740822781,0,90,1.0,4,0.01220221460263522
5.15,0.0,77.95438643595452,0,90,1.0,4,0.009368792493907593
5.155,0.0,77.8448937347729,0,90,1.0,4,0.007111211026245273
5.16,0.0,77.75879759554243,0,90,1.0,4,0.005336032897782116
5.165,0.0,77.69197742146481,0,90,1.0,4,0.003958297349789957
5.17,0.0,77.640784569316,0,90,1.0,4,0.0029027746250721038
5.175,0.0,77.60206455450907,0,90,1.0,4,0.0021044238043107246
5.18,0.0,77.5731492398329,0,90,1.0,4,0.0015082317491319794
5.185,0.0,77.55182743021956,0,90,1.0,4,0.0010686068086507364
5.19,0.0,77.53630149568863,0,90,1.0,4,0.0007484844471883127
5.195,0.0,77.52513647346169,0,90,1.0,4,0.0005182778033337254
5.2,0.0,77.51720676241366,0,90,1.0,4,0.0003547786064673088
5.205,0.0,77.511644181374,0,90,1.0,4,0.00024008621389681167
5.21,0.0,77.50778993342809,0,90,1.0,4,0.00016061718408424248
5.215,0.0,77.50515197226336,0,90,1.0,4,0.00010622623223428528
5.22,0.0,77.50336843577756,0,90,1.0,4,6.945228407339903e-05
5.225,0.0,77.50217719842811,0,90,1.0,4,4.489068923947381e-05
5.23,0.0,77.50139117811788,0,90,1.0,4,2.868408490484136e-05
5.235,0.0,77.50087878462313,0,90,1.0,4,1.8119270579912145e-05
5.24,0.0,77.50054877857231,0,90,1.0,4,1.1315022109465176e-05
5.245,0.0,77.50033878707026,0,90,1.0,4,6.985300417782878e-06
5.25,0.0,77.50020676236647,0,90,1.0,4,4.263141576790151e-06
5.255,0.0,77.50012474729766,0,90,1.0,4,2.5721092301349007e-06
5.26,0.0,77.50007440562757,0,90,1.0,4,1.5341366509712372e-06
5.265,0.0,77.5000438728055,0,90,1.0,4,9.045939279563829e-07
5.27,0.0,77.50002557407974,0,90,1.0,4,5.273006132535284e-07
5.275,0.0,77.50001473735715,0,90,1.0,4,3.038630339786548e-07
5.28,0.0,77.50000839564733,0,90,1.0,4,1.7310613046545994e-07
5.285,0.001684486749771458,77.50000472828614,0,90,1.0,4,9.74904359394451e-08
5.29,0.004172395771277602,77.50000263249952,0,90,1.0,4,5.4278340539238665e-08
5.295,0.009438687428818865,77.50000144893144,0,90,1.0,4,2.987487510067366e-08
5.3,0.019500507867137046,77.50000078839227,0,90,1.0,4,1.6255510733581387e-08
5.305,0.03679496976339974,77.50000042408398,0,90,1.0,4,8.743999558777732e-09
5.31,0.06340728953298436,77.50000022551548,0,90,1.0,4,4.649803676113958e-09
5.315,0.09979255396093453,77.5000001185539,0,90,1.0,4,2.4444102915911515e-09
5.32,0.14343835518453557,77.50000006161271,0,90,1.0,4,1.270365146410768e-09
5.325,0.18829581417209276,77.5000000316548,0,90,1.0,4,6.526764283671113e-10
5.33,0.2257481735193119,77.5000000160777,0,90,1.0,4,3.3149909850368374e-10
5.335,0.24718154073554727,77.50000000807279,0,90,1.0,4,1.664492507169945e-10
5.34,0.24718154074102772,77.50000000400718,0,90,1.0,4,8.262220232149817e-11
5.345,0.22574817354072055,77.50000000196638,0,90,1.0,4,4.054400801344189e-11
5.35,0.18829581422840957,77.50000000095392,0,90,1.0,4,1.9668408940467004e-11
5.355,0.14343835532456656,77.50000000045748,0,90,1.0,4,9.432491443129545e-12
5.36,0.09979255431561854,77.50000000021689,0,90,1.0,4,4.471877621926041e-12
5.365,0.06340729067170194,77.50000000010165,0,90,1.0,4,2.095881315007009e-12
5.37,0.03679497683410042,77.5000000000471,0,90,1.0,4,9.710262376531843e-13
5.375,0.019500578284482293,77.50000000002157,0,90,1.0,4,4.4478510222013693e-13
5.38,0.009439396781978427,77.50000000000976,0,90,1.0,4,2.0129602452255209e-13
5.385,0.004178588733610924,77.50000000000438,0,90,1.0,4,9.02462526243756e-14
5.39,0.0017299316936037381,77.50000000000193,0,90,1.0,4,3.984899466530871e-14
5.395,0.0008997325756988589,77.50000000000085,0,90,1.0,4,1.7580438822930315e-14
5.4,0.001634769674224814,77.50000000000037,0,90,1.0,4,7.618190156603136e-15
5.405,0.00614904736476635,77.50000000000016,0,90,1.0,4,3.2230804508705575e-15
5.41,0.02168080359963608,77.50000000000007,0,90,1.0,4,1.465036568577526e-15
5.415,0.06433400338904088,77.50000000000003,0,90,1.0,4,5.860146274310105e-16
5.42,0.1593410769217493,77.50000000000001,0,90,1.0,4,2.9300731371550523e-16
5.425,0.3291989194808569,77.5,0,90,1.0,4,0.0
5.43,0.5672906802982638,77.5,0,90,1.0,4,0.0
5.435,0.815339152120446,77.5,0,90,1.0,4,0.0
5.44,0.9768711246313155,77.50000284150002,1,90,1.0,4,5.858762928180591e-08
5.445,0.9726380909165361,77.5000055087254,0,90,1.0,4,1.1358196688794948e-07
5.45,0.7921091683291741,77.50001136395807,0,90,1.0,4,2.3430841373428661e-07
5.455,0.49139090102639077,77.50002585890292,0,90,1.0,4,5.331732559967612e-07
5.46,0.15739335672107918,77.50006577270929,0,90,1.0,4,1.356138335905626e-06
5.465,-0.11102342218909485,77.50018247875063,0,90,1.0,4,3.76244846661487e-06
5.47,-0.2314207883647528,77.50052776496497,0,90,1.0,4,1.0881751855078582e-05
5.475,-0.2029124434754801,77.50152756139154,0,90,1.0,4,3.1496111165786474e-05
5.48,-0.11151350554305876,77.50430755613382,0,90,1.0,4,8.88155903881271e-05
5.485,-0.039430666652076896,77.5116563600092,0,90,1.0,4,0.00024033731977727622
5.49,-0.006087703519843621,77.53002739545968,0,90,1.0,4,0.0006191215558697577
5.495,0.005350271385530551,77.57333096905042,0,90,1.0,4,0.0015119787433075698
5.5,0.010381647827441833,77.66940490223725,0,90,1.0,4,0.0034928845822112743
5.505,0.015115203303506243,77.86976747664984,0,90,1.0,4,0.007624071683501874
5.51,0.021170964062928475,78.26211431813414,0,90,1.0,4,0.01571369728111625
5.515,0.029082821134029553,78.98267513398078,0,90,1.0,4,0.03057062131919128
5.52,0.03923107061708144,80.22218766058688,0,90,1.0,4,0.05612758063065738
5.525,0.051969043308817596,82.21612057642412,0,90,1.0,4,0.09723959951389932
5.53,0.06760532616283861,85.20932922752098,0,90,1.0,4,0.15895524180455634
5.535,0.08636519236693461,89.39039798617173,0,90,1.0,4,0.24516284507570588
5.54,0.10834733138818661,94.8028006534978,0,90,1.0,4,0.35675877636077935
5.545,0.1334809643017884,101.25612781731577,0,90,1.0,4,0.48981706839826333
5.55,0.16148868344343945,108.27370857382006,0,90,1.0,4,0.6345094551303105
5.555,0.191860907532018,115.11341104223824,0,90,1.0,4,0.775534248293572
5.56,0.22384764873847726,120.88000833622657,0,90,1.0,4,0.8944331615716817
5.565,0.25647215537198226,124.71329532894552,0,90,1.0,4,0.9734700067823818
5.57,0.2885689161419028,126.0,0,90,1.0,4,1.0
5.575,0.31884566517832524,124.53834900968857,0,90,1.0,4,0.9698628661791459
5.58,0.3459657668955683,120.59493192202842,0,90,1.0,4,0.8885552973614108
5.585,0.3686441789190902,114.83222413300682,0,90,1.0,4,0.7697365800619963
5.59,0.3857476379544367,108.13422420586735,0,90,1.0,4,0.6316334887807702
5.595,0.3963882865005728,101.3936098555063,0,90,1.0,4,0.492651749598068
5.6,0.4,95.33064507931,0,90,1.0,4,0.3676421665837114
5.605,0.39638828650057273,90.39185276201252,0,90,1.0,4,0.2658113971548973
5.61,0.38574763795443656,86.73955542986523,0,90,1.0,4,0.19050629752299453
5.615,0.36864417891908974,84.31059562557269,0,90,1.0,4,0.14042465207366367
5.62,0.345965766895568,82.9065602268215,0,90,1.0,4,0.11147546859425768
5.625,0.3188456651783249,82.28033336831763,0,90,1.0,4,0.09856357460448717
5.63,0.28856891614190205,82.19778113694667,0,90,1.0,4,0.09686146674116852
5.635,0.2564721553719815,82.46927305071628,0,90,1.0,4,0.1024592381590986
5.64,0.22384764873847685,82.95682150774277,0,90,1.0,4,0.11251178366479946
5.645,0.19186090753201765,83.56687754099825,0,90,1.0,4,0.12509025857728348
5.65,0.16148868344343878,84.23787322707521,0,90,1.0,4,0.1389252211768085
5.655,0.1334809643017881,84.92832444149448,0,90,1.0,4,0.15316132869060786
5.66,0.10834733138818531,85.60801881012263,0,90,1.0,4,0.16717564556953876
5.665,0.08636519236690572,86.25260772478875,0,90,1.0,4,0.18046613865543806
5.67,0.06760532616242629,86.84089403560439,0,90,1.0,4,0.19259575331143078
5.675,0.05196904332202373,87.35388295636871,0,90,1.0,4,0.20317284446121045
5.68,0.03923107185803287,87.77481720348132,0,90,1.0,4,0.21185190110270763
5.685,0.02908287038705761,88.08966243795557,0,90,1.0,4,0.21834355542176428
5.69,0.02117220077308346,88.28771551986046,0,90,1.0,4,0.22242712412083412
5.695,0.0151361834125735,88.36214631799686,0,90,1.0,4,0.22396177975251258
5.7,0.010626454858290009,88.31036736727964,0,90,1.0,4,0.22289417252122967
5.705,0.007326255555493652,88.13417633763018,0,90,1.0,4,0.21926136778618927
5.71,0.004960179211183015,87.83965035915766,0,90,1.0,4,0.213188667199127
5.715,0.0032978759379303545,87.43679744267308,0,90,1.0,4,0.20488242149841407
5.72,0.002153242296767213,86.9389917989111,0,90,1.0,4,0.1946183876064145
5.725,0.001380616732225004,86.36223716698538,0,90,1.0,4,0.18272653952547177
5.73,0.0008693106590991584,85.72431461211428,0,90,1.0,4,0.16957349715699555
5.735,0.000537524815942247,85.04387789533241,0,90,1.0,4,0.15554387413056525
5.74,0.0003263951340288585,84.33956014461978,0,90,1.0,4,0.14102185865195427
5.745,0.00019463030985187395,83.62915046826862,0,90,1.0,4,0.1263742364591468
5.75,0.00011397219555062695,82.92888923969679,0,90,1.0,4,0.11193586061230489
5.755,6.55403863487943e-05,82.25291740154772,0,90,1.0,4,0.09799829693912823
5.76,3.701184389455385e-05,81.61289990625842,0,90,1.0,4,0.08480205992285401
5.765,2.0525516217290957e-05,81.01782800176962,0,90,1.0,4,0.07253253611896114
5.77,1.1178128483661116e-05,80.47399100328275,0,90,1.0,4,0.0613194021295412
5.775,5.978135409912517e-06,79.9850966673004,0,90,1.0,4,0.05123910654227622
5.78,3.1396702713238487e-06,79.55251108450634,0,90,1.0,4,0.04231981617538835
5.785,1.6192875458531019e-06,79.17558445710158,0,90,1.0,4,0.034548133136115024
5.79,8.201353897972012e-07,78.85202811529082,0,90,1.0,4,0.027876868356511774
5.795,4.0791415086824765e-07,78.57831019218708,0,90,1.0,4,0.022233199838908767
5.8,1.9923866938774793e-07,78.35004180586505,0,90,1.0,4,0.01752663517247519
5.805,9.556527981051257e-08,78.16233155760507,0,90,1.0,4,0.013656320775362298
5.81,4.501406988770349e-08,78.01009280593172,0,90,1.0,4,0.01051737744189113
5.815,0.0,77.88829476616297,0,90,1.0,4,0.008006077652844772
5.82,0.0,77.79215442099877,0,90,1.0,4,0.006023802494820002
5.825,0.0,77.71727110655786,0,90,1.0,4,0.004479816630058962
5.83,0.0,77.65970925268655,0,90,1.0,4,0.003292974282196985
5.835,0.0,77.61603707332719,0,90,1.0,4,0.0023925169758183882
5.84,0.0,77.58333012691409,0,90,1.0,4,0.0017181469466823053
5.845,0.0,77.55914879585012,0,90,1.0,4,0.0012195628010334112
5.85,0.0,77.54149811404007,0,90,1.0,4,0.0008556312173209687
5.855,0.0,77.52877725728622,0,90,1.0,4,0.0005933455110561316
5.86,0.0,77.51972463735181,0,90,1.0,4,0.0004066935536456509
5.865,0.0,77.51336310074132,0,90,1.0,4,0.00027552785033640716
5.87,0.0,77.50894837231351,0,90,1.0,4,0.0001845025219280774
5.875,0.0,77.50592269592266,0,90,1.0,4,0.00012211744170440163
5.88,0.0,77.50387465835057,0,90,1.0,4,7.988986289831832e-05
5.885,0.0,77.50250545138663,0,90,1.0,4,5.1658791476807595e-05
5.89,0.0,77.50160131633649,0,90,1.0,4,3.301683168021236e-05
5.895,0.0,77.50101159546982,0,90,1.0,4,2.0857638552975802e-05
5.9,0.0,77.5006316481158,0,90,1.0,4,1.3023672490711779e-05
5.905,0.0,77.50038983616128,0,90,1.0,4,8.037858995371654e-06
5.91,0.0,77.50023780863849,0,90,1.0,4,4.903270896659603e-06
5.915,0.0,77.50014338764066,0,90,1.0,4,2.9564461992214493e-06
5.92,0.0,77.50008545439401,0,90,1.0,4,1.7619462682629541e-06
5.925,0.0,77.5000503379664,0,90,1.0,4,1.0378962144255338e-06
5.93,0.0,77.50002930863025,0,90,1.0,4,6.04301654562995e-07
5.935,0.0,77.50001686684932,0,90,1.0,4,3.47770089106656e-07
5.94,0.0,77.50000959424924,0,90,1.0,4,1.9781957185729233e-07
5.945,0.001684486749771458,77.50000539419466,0,90,1.0,4,1.1122050843190777e-07
5.95,0.004172395771277602,77.50000299764929,0,90,1.0,4,6.180720184911667e-08
5.955,0.009438687428818865,77.50000164654504,0,90,1.0,4,3.394938235689233e-08
5.96,0.019500507867137046,77.50000089393305,0,90,1.0,4,1.8431609246878916e-08
5.965,0.03679496976339974,77.50000047970579,0,90,1.0,4,9.890841025930826e-09
5.97,0.06340728953298436,77.5000002544389,0,90,1.0,4,5.246162926755695e-09
5.975,0.09979255396093453,77.50000013339228,0,90,1.0,4,2.750356222265706e-09
5.98,0.14343835518453557,77.50000006912201,0,90,1.0,4,1.4251960711243151e-09
5.985,0.18829581417209276,77.50000003540305,0,90,1.0,4,7.299597444253993e-10
5.99,0.2257481735193119,77.5000000179227,0,90,1.0,4,3.695402380433678e-10
5.995,0.24718154073554727,77.5000000089682,0,90,1.0,4,1.8491134854689477e-10
6.0,0.24718154074102772,77.50000000443552,0,90,1.0,4,9.145402877151092e-11
6.005,0.22574817354072055,77.50000000216832,0,90,1.0,4,4.4707641941339216e-11
6.01,0.18829581422840957,77.50000000104771,0,90,1.0,4,2.160225721098934e-11
6.015,0.14343835532456656,77.50000000050038,0,90,1.0,4,1.0317080523236655e-11
6.02,0.09979255431561854,77.5000000002362,0,90,1.0,4,4.870074561265413e-12
6.025,0.06340729067170194,77.5000000001102,0,90,1.0,5,2.272271717863743e-12
6.03,0.03679497683410042,77.50000000005083,0,90,1.0,5,1.0480871611603622e-12
6.035,0.019500578284482293,77.50000000002316,0,90,1.0,5,4.776019213562735e-13
6.04,0.009439396781978427,77.50000000001044,0,90,1.0,5,2.1536037558089634e-13
6.045,0.004178588733610924,77.50000000000465,0,90,1.0,5,9.581339158497021e-14
6.05,0.0017299316936037381,77.50000000000205,0,90,1.0,5,4.2193053175032755e-14
6.055,0.0008997325756988589,77.5000000000009,0,90,1.0,5,1.845946076407683e-14
6.06,0.001634769674224814,77.50000000000038,0,90,1.0,5,7.911197470318642e-15
6.065,0.00614904736476635,77.50000000000016,0,90,1.0,5,3.2230804508705575e-15
6.07,0.02168080359963608,77.50000000000007,0,90,1.0,5,1.465036568577526e-15
6.075,0.06433400338904088,77.50000000000003,0,90,1.0,5,5.860146274310105e-16
6.08,0.1593410769217493,77.50000000000001,0,90,1.0,5,2.9300731371550523e-16
6.085,0.3291989194808569,77.5,0,90,1.0,5,0.0
6.09,0.5672906802982638,77.5,0,90,1.0,5,0.0
6.095,0.815339152120446,77.5,0,90,1.0,5,0.0
6.1,0.9768711246313155,77.50000284154457,1,90,1.0,5,5.8588547859734405e-08
6.105,0.9726380909165361,77.5000053717146,0,90,1.0,5,1.1075700192038508e-07
6.11,0.7921091683291741,77.50001074298208,0,90,1.0,5,2.2150478524466606e-07
6.115,0.49139090102639077,77.50002348679206,0,90,1.0,5,4.842637538073627e-07
6.12,0.15739335672107918,77.50005697009982,0,90,1.0,5,1.1746412333992601e-06
6.125,-0.11102342218909485,77.50015058918197,0,90,1.0,5,3.1049315870189172e-06
6.13,-0.2314207883647528,77.50041701098533,0,90,1.0,5,8.598164645990409e-06
6.135,-0.2029124434754801,77.50116397212096,0,90,1.0,5,2.3999425174501196e-05
6.14,-0.11151350554305876,77.50318753865302,0,90,1.0,5,6.572244645408506e-05
6.145,-0.039430666652076896,77.5084286730719,0,90,1.0,5,0.00017378707364751163
6.15,-0.006087703519843621,77.52133349932207,0,90,1.0,5,0.0004398659654034723
6.155,0.005350271385530551,77.55144481044628,0,90,1.0,5,0.001060717741160502
6.16,0.010381647827441833,77.61790113559184,0,90,1.0,5,0.002430951249316211
6.165,0.015115203303506243,77.75645242828497,0,90,1.0,5,0.005287678933710787
6.17,0.021170964062928475,78.02903573913586,0,90,1.0,5,0.010907953384244619
6.175,0.029082821134029553,78.53459389389398,0,90,1.0,5,0.02133183286379348
6.18,0.03923107061708144,79.41759052329515,0,90,1.0,5,0.03953794893392055
6.185,0.051969043308817596,80.86806634460993,0,90,1.0,5,0.0694446668991738
6.19,0.06760532616283861,83.10540651559467,0,90,1.0,5,0.11557539207411682
6.195,0.08636519236693461,86.3392095926369,0,90,1.0,5,0.18225174417808052
6.2,0.10834733138818661,90.70649228025296,0,90,1.0,5,0.27229880990212285
6.205,0.1334809643017884,96.1949399697833,0,90,1.0,5,0.3854626797893465
6.21,0.16148868344343945,102.57400864906828,0,90,1.0,5,0.5169898690529542
6.215,0.191860907532018,109.36346526476575,0,90,1.0,5,0.656978665252902
6.22,0.22384764873847726,115.86591368470812,0,90,1.0,5,0.7910497666950127
6.225,0.25647215537198226,121.27294452158014,0,90,1.0,5,0.9025349385892814
6.23,0.2885689161419028,124.82763298613727,0,90,1.0,5,0.9758274842502531
6.235,0.31884566517832524,126.0,0,90,1.0,5,1.0
6.24,0.3459657668955683,124.61989252433693,0,90,1.0,5,0.9715441757595243
6.245,0.3686441789190902,120.92169697246845,0,90,1.0,5,0.8952927210818238
6.25,0.3857476379544367,115.48501558588413,0,90,1.0,5,0.7831961976470954
6.255,0.3963882865005728,109.09225998185437,0,90,1.0,5,0.6513868037495746
6.26,0.4,102.5515725266867,0,90,1.0,5,0.5165272685914784
6.265,0.39638828650057273,96.54013006952228,0,90,1.0,5,0.392580001433449
6.27,0.38574763795443656,91.50802050032742,0,90,1.0,5,0.2888251649552045
6.275,0.36864417891908974,87.65583209467765,0,90,1.0,5,0.2093985998902608
6.28,0.345965766895568,84.9730956654149,0,90,1.0,5,0.15408444670958563
6.285,0.3188456651783249,83.30975988570115,0,90,1.0,5,0.11978886362270422
6.29,0.28856891614190205,82.45172028278404,0,90,1.0,5,0.10209732541822758
6.295,0.2564721553719815,82.18025697684484,0,90,1.0,5,0.09650014385247103
6.3,0.22384764873847685,82.30741319769757,0,90,1.0,5,0.09912192160201176
6.305,0.19186090753201765,82.68926270610598,0,90,1.0,5,0.1069951073423913
6.31,0.16148868344343878,83.2241320744651,0,90,1.0,5,0.11802334174154852
6.315,0.1334809643017881,83.8435168279006,0,90,1.0,5,0.13079416140001238
6.32,0.10834733138818531,84.50150236715587,0,90,1.0,5,0.14436087354960547
6.325,0.08636519236690572,85.16587686988788,0,90,1.0,5,0.15805931690490477
6.33,0.06760532616242629,85.81199492104422,0,90,1.0,5,0.1713813385782313
6.335,0.05196904332202373,86.41920641796344,0,90,1.0,5,0.18390116325697808
6.34,0.03923107185803287,86.96917992923366,0,90,1.0,5,0.19524082328316827
6.345,0.02908287038705761,87.44541920646472,0,90,1.0,5,0.20506018982401486
6.35,0.02117220077308346,87.83342707600346,0,90,1.0,5,0.21306035208254556
6.355,0.0151361834125735,88.1211518756908,0,90,1.0,5,0.21899282217919175
6.36,0.010626454858290009,88.29949305211028,0,90,1.0,5,0.22266995983732535
6.365,0.007326255555493652,88.36273532154763,0,90,1.0,5,0.22397392415562128
6.37,0.004960179211183015,88.30883732354,0,90,1.0,5,0.22286262522762895
6.375,0.0032978759379303545,88.13953589889951,0,90,1.0,5,0.2193718742041136
6.38,0.002153242296767213,87.86025153974062,0,90,1.0,5,0.21361343380908487
6.385,0.001380616732225004,87.47979971200948,0,90,1.0,5,0.2057690662269996
6.39,0.0008693106590991584,87.00992868416755,0,90,1.0,5,0.19608100379726903
6.395,0.000537524815942247,86.46471740998916,0,90,1.0,5,0.18483953422658067
6.4,0.0003263951340288585,85.85987641344444,0,90,1.0,5,0.17236858584421524
6.405,0.00019463030985187395,85.21199997402755,0,90,1.0,5,0.15901030874283606
6.41,0.00011397219555062695,84.53781895883367,0,90,1.0,5,0.14510966925430244
6.415,6.55403863487943e-05,83.85350054309895,0,90,1.0,5,0.1310000111979164
6.42,3.701184389455385e-05,83.17403435574212,0,90,1.0,5,0.11699039908746645
6.425,2.0525516217290957e-05,82.51273515971924,0,90,1.0,5,0.10335536411792251
6.43,1.1178128483661116e-05,81.88088111637717,0,90,1.0,5,0.09032744569849831
6.435,5.978135409912517e-06,81.28749514724962,0,90,1.0,5,0.07809268344844567
6.44,3.1396702713238487e-06,80.73926599081013,0,90,1.0,5,0.0667889895012397
6.445,1.6192875458531019e-06,80.24059617216766,0,90,1.0,5,0.05650713757046714
6.45,8.201353897972012e-07,79.79375691779815,0,90,1.0,5,0.047293957068003066
6.455,4.0791415086824765e-07,79.39912541232576,0,90,1.0,5,0.039157224996407405
6.46,1.9923866938774793e-07,79.05547776723587,0,90,1.0,5,0.032071706540945794
6.465,9.556527981051257e-08,78.76031144478318,0,90,1.0,5,0.025985802985220293
6.47,4.501406988770349e-08,78.51017324373844,0,90,1.0,5,0.02082831430388527
6.475,0.0,78.30097276926729,0,90,1.0,5,0.016514902459119376
6.48,0.0,78.12826599064017,0,90,1.0,5,0.01295393795134378
6.485,0.0,77.98749847302761,0,90,1.0,5,0.010051514907785854
6.49,0.0,77.87420266617133,0,90,1.0,5,0.007715518890130479
6.495,0.0,77.78414786970576,0,90,1.0,5,0.005858718963005411
6.5,0.0,77.71344492859065,0,90,1.0,5,0.004400926362693753
6.505,0.0,77.6586102266577,0,90,1.0,5,0.0032703139517051565
6.51,0.0,77.61659513782196,0,90,1.0,5,0.0024040234602466038
6.515,0.0,77.58478784625699,0,90,1.0,5,0.0017482030156079722
6.52,0.0,77.56099450010981,0,90,1.0,5,0.001257618558965237
6.525,0.0,77.54340618910628,0,90,1.0,5,0.000894972971263469
6.53,0.0,77.53055741054968,0,90,1.0,5,0.0006300497020551748
6.535,0.0,77.521280672553,0,90,1.0,5,0.0004387767536701931
6.54,0.0,77.51466081314214,0,90,1.0,5,0.0003022848070544963
6.545,0.0,77.50999159166291,0,90,1.0,5,0.0002060121992352594
6.55,0.0,77.5067362035906,0,90,1.0,5,0.00013889079568259346
6.555,0.0,77.50449261953548,0,90,1.0,5,9.263133062852165e-05
6.56,0.0,77.50296406680117,0,90,1.0,5,6.11147794055557e-05
6.565,0.0,77.50193455126167,0,90,1.0,5,3.988765487978404e-05
6.57,0.0,77.5012490401714,0,90,1.0,5,2.5753405595913737e-05
6.575,0.0,77.50079776775692,0,90,1.0,5,1.644881973034083e-05
6.58,0.0,77.50050405794217,0,90,1.0,5,1.0392947261154929e-05
6.585,0.0,77.50031505643443,0,90,1.0,5,6.496008957339617e-06
6.59,0.0,77.5001948050246,0,90,1.0,5,4.016598445477752e-06
6.595,0.0,77.5001191559859,0,90,1.0,5,2.456824451536301e-06
6.6,0.0,77.5000721000363,0,90,1.0,5,1.4865986867166095e-06
6.605,0.0,77.50004315777153,0,90,1.0,5,8.898509593601591e-07
6.61,0.0,77.5000255556216,0,90,1.0,5,5.269200330859189e-07
6.615,0.0,77.50001496986195,0,90,1.0,5,3.086569474418735e-07
6.62,0.0,77.50000867467178,0,90,1.0,5,1.788592118673384e-07
6.625,0.0,77.5000049726995,0,90,1.0,5,1.0252988660148421e-07
6.63,0.001684486749771458,77.50000281991028,0,90,1.0,5,5.8142479971494826e-08
6.635,0.004172395771277602,77.50000158191183,0,90,1.0,5,3.261673879895864e-08
6.64,0.009438687428818865,77.50000087787598,0,90,1.0,5,1.810053559499475e-08
6.645,0.019500507867137046,77.50000048193445,0,90,1.0,5,9.936792776926202e-09
6.65,0.03679496976339974,77.50000026172589,0,90,1.0,5,5.3964100450534765e-09
6.655,0.06340728953298436,77.50000014060777,0,90,1.0,5,2.899129220768185e-09
6.66,0.09979255396093453,77.5000000747267,0,90,1.0,5,1.540756690617142e-09
6.665,0.14343835518453557,77.50000003928676,0,90,1.0,5,8.100362992053372e-10
6.67,0.18829581417209276,77.50000002043245,0,90,1.0,5,4.212876737040357e-10
6.675,0.2257481735193119,77.50000001051232,0,90,1.0,5,2.1674893724059412e-10
6.68,0.24718154073554727,77.50000000535033,0,90,1.0,5,1.1031608158463286e-10
6.685,0.24718154074102772,77.50000000269381,0,90,1.0,5,5.5542466387911174e-11
6.69,0.22574817354072055,77.5000000013417,0,90,1.0,5,2.766399251713571e-11
6.695,0.18829581422840957,77.50000000066107,0,90,1.0,5,1.3630407226731589e-11
6.7,0.14343835532456656,77.50000000032222,0,90,1.0,5,6.643647831185366e-12
6.705,0.09979255431561854,77.50000000015537,0,90,1.0,5,3.2034489608516187e-12
6.71,0.06340729067170194,77.50000000007411,0,90,1.0,5,1.5280331410263597e-12
6.715,0.03679497683410042,77.50000000003497,0,90,1.0,5,7.210909990538583e-13
6.72,0.019500578284482293,77.50000000001633,0,90,1.0,5,3.3666540345911553e-13
6.725,0.009439396781978427,77.50000000000753,0,90,1.0,5,1.5529387626921778e-13
6.73,0.004178588733610924,77.50000000000344,0,90,1.0,5,7.090776991915227e-14
6.735,0.0017299316936037381,77.50000000000155,0,90,1.0,5,3.193779719499007e-14
6.74,0.0008997325756988589,77.5000000000007,0,90,1.0,5,1.4357358372059756e-14
6.745,0.001634769674224814,77.50000000000031,0,90,1.0,5,6.446160901741115e-15
6.75,0.00614904736476635,77.50000000000013,0,90,1.0,5,2.637065823439547e-15
6.755,0.02168080359963608,77.50000000000006,0,90,1.0,5,1.172029254862021e-15
6.76,0.06433400338904088,77.50000000000003,0,90,1.0,5,5.860146274310105e-16
6.765,0.1593410769217493,77.50000000000001,0,90,1.0,5,2.9300731371550523e-16
6.77,0.3291989194808569,77.5,0,90,1.0,5,0.0
6.775,0.5672906802982638,77.5,0,90,1.0,5,0.0
6.78,0.815339152120446,77.5,0,90,1.0,5,0.0
6.785,0.9768711246313155,77.50000284322633,1,90,1.0,5,5.862322322426144e-08
6.79,0.9726380909165361,77.50000534910116,0,90,1.0,5,1.102907455352232e-07
6.795,0.7921091683291741,77.50001063505204,0,90,1.0,5,2.1927942341171353e-07
6.8,0.49139090102639077,77.50002307583767,0,90,1.0,5,4.757904675148218e-07
6.805,0.15739335672107918,77.5000554713907,0,90,1.0,5,1.143740014331155e-06
6.81,-0.11102342218909485,77.50014526993121,0,90,1.0,5,2.9952563136014092e-06
6.815,-0.2314207883647528,77.5003988898635,0,90,1.0,5,8.224533268130659e-06
6.82,-0.2029124434754801,77.5011054659756,0,90,1.0,5,2.279311289893738e-05
6.825,-0.11151350554305876,77.50300976888175,0,90,1.0,5,6.205709034543127e-05
6.83,-0.039430666652076896,77.50792185780857,0,90,1.0,5,0.00016333727440347813
6.835,-0.006087703519843621,77.51997904089026,0,90,1.0,5,0.0004119389874281015
6.84,0.005350271385530551,77.54805187102536,0,90,1.0,5,0.000990760227327109
6.845,0.010381647827441833,77.60993273918042,0,90,1.0,5,0.0022666544160911822
6.85,0.015115203303506243,77.73890414692885,0,90,1.0,5,0.0049258586995638304
6.855,0.021170964062928475,77.99279598451152,0,90,1.0,5,0.01016074194869107
6.86,0.029082821134029553,78.46442565053172,0,90,1.0,5,0.01988506495941697
6.865,0.03923107061708144,79.29027244272471,0,90,1.0,5,0.03691283387061265
6.87,0.051969043308817596,80.65176405432197,0,90,1.0,5,0.06498482586230872
6.875,0.06760532616283861,82.76179436299392,0,90,1.0,5,0.10849060542255515
6.88,0.08636519236693461,85.82984126010565,0,90,1.0,5,0.1717493043320753
6.885,0.10834733138818661,90.00401066771741,0,90,1.0,5,0.257814652942627
6.89,0.1334809643017884,95.29777724070067,0,90,1.0,5,0.3669644791897045
6.895,0.16148868344343945,101.52070486511198,0,90,1.0,5,0.4952722652600408
6.9,0.191860907532018,108.24076061437154,0,90,1.0,5,0.633830115760238
6.905,0.22384764873847726,114.80477932285345,0,90,1.0,5,0.7691707076877
6.91,0.25647215537198226,120.42962228136281,0,90,1.0,5,0.8851468511621198
6.915,0.2885689161419028,124.35209848293255,0,90,1.0,5,0.9660226491326298
6.92,0.31884566517832524,126.0,0,90,1.0,5,1.0
6.925,0.3459657668955683,125.13199699060715,0,90,1.0,5,0.982103030734168
6.93,0.3686441789190902,121.89956504594475,0,90,1.0,5,0.9154549494009228
6.935,0.3857476379544367,116.80934959217932,0,90,1.0,5,0.8105020534469962
6.94,0.3963882865005728,110.59911497723489,0,90,1.0,5,0.6824559789120596
6.945,0.4,104.06935062625563,0,90,1.0,5,0.5478216623970232
6.95,0.39638828650057273,97.92347769263611,0,90,1.0,5,0.421102632837858
6.955,0.38574763795443656,92.65949215512845,0,90,1.0,5,0.3125668485593494
6.96,0.36864417891908974,88.53181629485155,0,90,1.0,5,0.22746012979075364
6.965,0.345965766895568,85.57626122980984,0,90,1.0,5,0.16652085009917206
6.97,0.3188456651783249,83.67383914290984,0,90,1.0,5,0.12729565243113075
6.975,0.28856891614190205,82.62499201165721,0,90,1.0,5,0.1056699383846848
6.98,0.2564721553719815,82.2123239726345,0,90,1.0,5,0.09716131902339162
6.985,0.22384764873847685,82.24122011682826,0,90,1.0,5,0.09775711581089194
6.99,0.19186090753201765,82.5580522820505,0,90,1.0,5,0.10428973777423704
6.995,0.16148868344343878,83.05182219454407,0,90,1.0,5,0.11447056071224893
7.0,0.1334809643017881,83.64676889072895,0,90,1.0,5,0.12673750290162783
7.005,0.10834733138818531,84.29215130262087,0,90,1.0,5,0.1400443567550694
7.01,0.08636519236690572,84.95297587109219,0,90,1.0,5,0.15366960558952975
7.015,0.06760532616242629,85.6032141410097,0,90,1.0,5,0.16707658022700414
7.02,0.05196904332202373,86.22161625213593,0,90,1.0,5,0.17982713921929755
7.025,0.03923107185803287,86.78956826301784,0,90,1.0,5,0.19153748995913075
7.03,0.02908287038705761,87.29030500025087,0,90,1.0,5,0.20186195876805912
7.035,0.02117220077308346,87.70890109634271,0,90,1.0,5,0.21049280611015905
7.04,0.0151361834125735,88.03263653005703,0,90,1.0,5,0.21716776350633057
7.045,0.010626454858290009,88.25148247455117,0,90,1.0,5,0.22168005102167357
7.05,0.007326255555493652,88.35855638009744,0,90,1.0,5,0.22388776041438022
7.055,0.004960179211183015,88.35045923154104,0,90,1.0,5,0.22372080889775336
7.06,0.0032978759379303545,88.22744713680183,0,90,1.0,5,0.2211844770474604
7.065,0.002153242296767213,87.99341542663203,0,90,1.0,5,0.21635908096148507
7.07,0.001380616732225004,87.65569305578572,0,90,1.0,5,0.20939573310898388
7.075,0.0008693106590991584,87.22466123620943,0,90,1.0,5,0.20050847909710162
7.08,0.000537524815942247,86.71322360224083,0,90,1.0,5,0.189963373242079
7.085,0.0003263951340288585,86.13616550482689,0,90,1.0,5,0.17806526814076065
7.09,0.00019463030985187395,85.50944672085147,0,90,1.0,5,0.1651432313577623
7.095,0.00011397219555062695,84.84947457720351,0,90,1.0,5,0.15153555829285587
7.1,6.55403863487943e-05,84.17240320268115,0,90,1.0,5,0.1375753237666217
7.105,3.701184389455385e-05,83.49349969202193,0,90,1.0,5,0.12357731323756552
7.11,2.0525516217290957e-05,82.8266100918151,0,90,1.0,5,0.10982701220237316
7.115,1.1178128483661116e-05,82.18374823881719,0,90,1.0,5,0.09657212863540593
7.12,5.978135409912517e-06,81.57481966179543,0,90,1.0,5,0.08401690024320475
7.125,3.1396702713238487e-06,81.00748205938964,0,90,1.0,5,0.07231921771937412
7.13,1.6192875458531019e-06,80.48713423047259,0,90,1.0,5,0.061590396504589515
7.135,8.201353897972012e-07,80.01701749313209,0,90,1.0,5,0.051897267899630665
7.14,4.0791415086824765e-07,79.59840805263835,0,90,1.0,5,0.04326614541522367
7.145,1.9923866938774793e-07,79.23087565482302,0,90,1.0,5,0.03568815783140255
7.15,9.556527981051257e-08,78.91258311223406,0,90,1.0,5,0.029125424994516702
7.155,4.501406988770349e-08,78.64060262096777,0,90,1.0,5,0.023517579813768435
7.16,0.0,78.41122774696173,0,90,1.0,5,0.018788200968283056
7.165,0.0,78.22026402057521,0,90,1.0,5,0.01485080454794257
7.17,0.0,78.06328569392375,0,90,1.0,5,0.0116141380190463
7.175,0.0,77.93585088962875,0,90,1.0,5,0.00898661628100522
7.18,0.0,77.83367169477451,0,90,1.0,5,0.006879828758237296
7.185,0.0,77.75273943637394,0,90,1.0,5,0.005211122399462747
7.19,0.0,77.68940824197168,0,90,1.0,5,0.0039053245767356024
7.195,0.0,77.64044198158881,0,90,1.0,5,0.0028957109605939712
7.2,0.0,77.60303083963844,0,90,1.0,5,0.00212434720903991
7.205,0.0,77.57478418147271,0,90,1.0,5,0.0015419418860352196
7.21,0.0,77.55370620498225,0,90,1.0,5,0.001107344432623672
7.215,0.0,77.53816026664151,0,90,1.0,5,0.0007868096214744733
7.22,0.0,77.5268269037557,0,90,1.0,5,0.0005531320362000976
7.225,0.0,77.51865958225872,0,90,1.0,5,0.00038473365481898506
7.23,0.0,77.51284119666562,0,90,1.0,6,0.00026476694155915014
7.235,0.0,77.50874341903805,0,90,1.0,6,0.00018027668119700757
7.24,0.0,77.505890189993,0,90,1.0,6,0.00012144721635044119
7.245,0.0,77.50392599307456,0,90,1.0,6,8.09483108156721e-05
7.25,0.0,77.50258905913398,0,90,1.0,6,5.338266255632296e-05
7.255,0.0,77.5016892993909,0,90,1.0,6,3.483091527636903e-05
7.26,0.0,77.50109054476202,0,90,1.0,6,2.2485459010757733e-05
7.265,0.0,77.50069655045753,0,90,1.0,6,1.436186510378067e-05
7.27,0.0,77.50044018362493,0,90,1.0,6,9.075951029515017e-06
7.275,0.0,77.50027522469445,0,90,1.0,6,5.674735968003793e-06
7.28,0.0,77.50017026019599,0,90,1.0,6,3.510519504872493e-06
7.285,0.0,77.50010421040284,0,90,1.0,6,2.1486680997647275e-06
7.29,0.0,77.50006310753771,0,90,1.0,6,1.3011863445954827e-06
7.295,0.0,77.5000378114743,0,90,1.0,6,7.796180268049977e-07
7.3,0.0,77.50002241497207,0,90,1.0,6,4.6216437247672616e-07
7.305,0.0,77.5000131469499,0,90,1.0,6,2.710711318914693e-07
7.31,0.0,77.50000762928833,0,90,1.0,6,1.57304914093458e-07
7.315,0.0,77.50000438041506,0,90,1.0,6,9.031783636216751e-08
7.32,0.001684486749771458,77.50000248839153,0,90,1.0,6,5.1307041859058467e-08
7.325,0.004172395771277602,77.50000139860276,0,90,1.0,6,2.8837170360667496e-08
7.33,0.009438687428818865,77.50000077775401,0,90,1.0,6,1.6036165165526644e-08
7.335,0.019500507867137046,77.50000042791977,0,90,1.0,6,8.823088092895821e-09
7.34,0.03679496976339974,77.50000023294568,0,90,1.0,6,4.803003722119365e-09
7.345,0.06340728953298436,77.50000012546401,0,90,1.0,6,2.586886855929198e-09
7.35,0.09979255396093453,77.50000006685839,0,90,1.0,6,1.3785235221371999e-09
7.355,0.14343835518453557,77.50000003525047,0,90,1.0,6,7.268137248980359e-10
7.36,0.18829581417209276,77.50000001838849,0,90,1.0,6,3.791441387650209e-10
7.365,0.2257481735193119,77.50000000949072,0,90,1.0,6,1.9568493446490017e-10
7.37,0.24718154073554727,77.50000000484647,0,90,1.0,6,9.99272142695359e-11
7.375,0.24718154074102772,77.50000000244863,0,90,1.0,6,5.048721120437756e-11
7.38,0.22574817354072055,77.50000000122404,0,90,1.0,6,2.5237891959571327e-11
7.385,0.18829581422840957,77.50000000060538,0,90,1.0,6,1.2482111564280523e-11
7.39,0.14343835532456656,77.50000000029624,0,90,1.0,6,6.108030461713422e-12
7.395,0.09979255431561854,77.50000000014343,0,90,1.0,6,2.9573228173305944e-12
7.4,0.06340729067170194,77.50000000006871,0,90,1.0,6,1.4166903618144677e-12
7.405,0.03679497683410042,77.50000000003256,0,90,1.0,6,6.712797557222225e-13
7.41,0.019500578284482293,77.50000000001526,0,90,1.0,6,3.146898549304526e-13
7.415,0.009439396781978427,77.50000000000708,0,90,1.0,6,1.4591764223032162e-13
7.42,0.004178588733610924,77.50000000000325,0,90,1.0,6,6.70986748408507e-14
7.425,0.0017299316936037381,77.50000000000148,0,90,1.0,6,3.047276062641254e-14
7.43,0.0008997325756988589,77.50000000000067,0,90,1.0,6,1.3771343744628746e-14
7.435,0.001634769674224814,77.5000000000003,0,90,1.0,6,6.15315358802561e-15
7.44,0.00614904736476635,77.50000000000013,0,90,1.0,6,2.637065823439547e-15
7.445,0.02168080359963608,77.50000000000006,0,90,1.0,6,1.172029254862021e-15
7.45,0.06433400338904088,77.50000000000003,0,90,1.0,6,5.860146274310105e-16
7.455,0.1593410769217493,77.50000000000001,0,90,1.0,6,2.9300731371550523e-16
7.46,0.3291989194808569,77.5,0,90,1.0,6,0.0
7.465,0.5672906802982638,77.5,0,90,1.0,6,0.0
7.47,0.815339152120446,77.5,0,90,1.0,6,0.0
7.475,0.9768711246313155,77.50000285328441,1,90,1.0,6,5.883060647572643e-08
7.48,0.9726380909165361,77.50000562140409,0,90,1.0,6,1.1590523887282392e-07
7.485,0.7921091683291741,77.50001183073464,0,90,1.0,6,2.4393267289710397e-07
7.49,0.49139090102639077,77.50002762917026,0,90,1.0,6,5.696736136471992e-07
7.495,0.15739335672107918,77.50007245443882,0,90,1.0,6,1.4939059550923367e-06
7.5,-0.11102342218909485,77.50020725996767,0,90,1.0,6,4.273401395187075e-06
7.505,-0.2314207883647528,77.50061582704151,0,90,1.0,6,1.269746477348854e-05
7.51,-0.2029124434754801,77.50182248868452,0,90,1.0,6,3.757708627885804e-05
7.515,-0.11151350554305876,77.5052310715901,0,90,1.0,6,0.00010785714618768954
7.52,-0.039430666652076896,77.51435172175279,0,90,1.0,6,0.0002959117887172917
7.525,-0.006087703519843621,77.53735285072946,0,90,1.0,6,0.0007701618707105621
7.53,0.005350271385530551,77.5918691803079,0,90,1.0,6,0.0018942099032555814
7.535,0.010381647827441833,77.71309481986977,0,90,1.0,6,0.004393707626180756
7.54,0.015115203303506243,77.96566482587883,0,90,1.0,6,0.009601336616058397
7.545,0.021170964062928475,78.45812550344493,0,90,1.0,6,0.01975516501948315
7.55,0.029082821134029553,79.35558674678168,0,90,1.0,6,0.03825952055219964
7.555,0.03923107061708144,80.88198151748664,0,90,1.0,6,0.06973157768013682
7.56,0.051969043308817596,83.30025257051231,0,90,1.0,6,0.11959283650540853
7.565,0.06760532616283861,86.86014114836432,0,90,1.0,6,0.19299260099720247
7.57,0.08636519236693461,91.71228864363101,0,90,1.0,6,0.29303687925012395
7.575,0.10834733138818661,97.80423612993579,0,90,1.0,6,0.4186440439162018
7.58,0.1334809643017884,104.79307462662686,0,90,1.0,6,0.5627438067345745
7.585,0.16148868344343945,112.02004978372179,0,90,1.0,6,0.7117536037880781
7.59,0.191860907532018,118.58316466468419,0,90,1.0,6,0.8470755600965812
7.595,0.22384764873847726,123.51148828718976,0,90,1.0,6,0.9486904801482425
7.6,0.25647215537198226,126.0,0,90,1.0,6,1.0
7.605,0.2885689161419028,125.62830221298329,0,90,1.0,6,0.9923361281027482
7.61,0.31884566517832524,122.48203243932362,0,90,1.0,6,0.9274645863778066
7.615,0.3459657668955683,117.12925074937131,0,90,1.0,6,0.8170979535952847
7.62,0.3686441789190902,110.46116941721593,0,90,1.0,6,0.6796117405611531
7.625,0.3857476379544367,103.45897551850818,0,90,1.0,6,0.5352366086290347
7.63,0.3963882865005728,96.97065636772538,0,90,1.0,6,0.4014568323242347
7.635,0.4,91.56589466519785,0,90,1.0,6,0.29001844670511023
7.64,0.39638828650057273,87.49604796974954,0,90,1.0,6,0.206104081850506
7.645,0.38574763795443656,84.74329427423734,0,90,1.0,6,0.14934627369561532
7.65,0.36864417891908974,83.11746244254847,0,90,1.0,6,0.11582396788759737
7.655,0.345965766895568,82.3568848664176,0,90,1.0,6,0.10014195600861034
7.66,0.3188456651783249,82.20419486948393,0,90,1.0,6,0.09699370864915315
7.665,0.28856891614190205,82.4474226772088,0,90,1.0,6,0.102008714993996
7.67,0.2564721553719815,82.93146838815557,0,90,1.0,6,0.11198903893104258
7.675,0.22384764873847685,83.55144100802794,0,90,1.0,6,0.12477197954696775
7.68,0.19186090753201765,84.23890517799641,0,90,1.0,6,0.13894649851539
7.685,0.16148868344343878,84.94831218827366,0,90,1.0,6,0.15357344718090024
7.69,0.1334809643017881,85.64686744660881,0,90,1.0,6,0.16797664838368678
7.695,0.10834733138818531,86.30832747591782,0,90,1.0,6,0.18161499950346022
7.7,0.08636519236690572,86.90992131114385,0,90,1.0,6,0.19401899610605872
7.705,0.06760532616242629,87.43130093518502,0,90,1.0,6,0.20476909144711383
7.71,0.05196904332202373,87.85460739278714,0,90,1.0,6,0.21349705964509577
7.715,0.03923107185803287,88.16503318602679,0,90,1.0,6,0.21989759146446988
7.72,0.02908287038705761,88.35150634707973,0,90,1.0,6,0.2237423989088605
7.725,0.02117220077308346,88.40728293523891,0,90,1.0,6,0.22489243165441053
7.73,0.0151361834125735,88.33033092317498,0,90,1.0,6,0.22330579223041203
7.735,0.010626454858290009,88.12344658788109,0,90,1.0,6,0.21904013583259982
7.74,0.007326255555493652,87.79408397232552,0,90,1.0,6,0.2122491540685675
7.745,0.004960179211183015,87.35390857822988,0,90,1.0,6,0.20317337274700778
7.75,0.0032978759379303545,86.81811153597118,0,90,1.0,6,0.19212601105095226
7.755,0.002153242296767213,86.20454017631614,0,90,1.0,6,0.17947505518177614
7.76,0.001380616732225004,85.5327142396845,0,90,1.0,6,0.1656229740141133
7.765,0.0008693106590991584,84.82280306012088,0,90,1.0,6,0.15098563010558508
7.77,0.000537524815942247,84.09463776038064,0,90,1.0,6,0.13597191258516775
7.775,0.0003263951340288585,83.36682439710084,0,90,1.0,6,0.1209654514866153
7.78,0.00019463030985187395,82.65601043153745,0,90,1.0,6,0.10630949343376192
7.785,0.00011397219555062695,81.97633972309383,0,90,1.0,6,0.09229566439368721
7.79,6.55403863487943e-05,81.33911255053565,0,90,1.0,6,0.07915695980485868
7.795,3.701184389455385e-05,80.75264902476607,0,90,1.0,6,0.0670649283456922
7.8,2.0525516217290957e-05,80.22233844465784,0,90,1.0,6,0.05613068958057395
7.805,1.1178128483661116e-05,79.75084496649728,0,90,1.0,6,0.04640917456695429
7.81,5.978135409912517e-06,79.33843213578254,0,90,1.0,6,0.03790581723262969
7.815,3.1396702713238487e-06,78.9833655092204,0,90,1.0,6,0.030584855860214546
7.82,1.6192875458531019e-06,78.682353399043,0,90,1.0,6,0.02437842059882464
7.825,8.201353897972012e-07,78.43098993416538,0,90,1.0,6,0.019195668745677973
7.83,4.0791415086824765e-07,78.22417115200214,0,90,1.0,6,0.014931363958807063
7.835,1.9923866938774793e-07,78.05646263625866,0,90,1.0,6,0.011473456417704288
7.84,9.556527981051257e-08,77.92240529264143,0,90,1.0,6,0.008709387477142862
7.845,4.501406988770349e-08,77.81675337219069,0,90,1.0,6,0.006530997364756479
7.85,0.0,77.73464521201578,0,90,1.0,6,0.004838045608572738
7.855,0.0,77.6717120211314,0,90,1.0,6,0.0035404540439463563
7.86,0.0,77.62413328746686,0,90,1.0,6,0.002559449226120855
7.865,0.0,77.58864910755129,0,90,1.0,6,0.0018278166505420771
7.87,0.0,77.56254016636984,0,90,1.0,6,0.0012894879663885074
7.875,0.0,77.54358552186387,0,90,1.0,6,0.0008986705538943297
7.88,0.0,77.53000709975734,0,90,1.0,6,0.0006187030877802349
7.885,0.0,77.52040818335705,0,90,1.0,6,0.00042078728571233844
7.89,0.0,77.51371144502332,0,90,1.0,6,0.00028271020666635973
7.895,0.0,77.50910040372447,0,90,1.0,6,0.00018763719019534853
7.9,0.0,77.50596673357165,0,90,1.0,6,0.00012302543446709286
7.905,0.0,77.5038646590576,0,90,1.0,6,7.968369190923545e-05
7.91,0.0,77.50247277317126,0,90,1.0,6,5.098501384047511e-05
7.915,0.0,77.50156298902219,0,90,1.0,6,3.222657777711771e-05
7.92,0.0,77.50097594676535,0,90,1.0,6,2.0122613718576384e-05
7.925,0.0,77.50060199777202,0,90,1.0,6,1.2412325196347533e-05
7.93,0.0,77.50036682775895,0,90,1.0,6,7.563458947475906e-06
7.935,0.001684486749771458,77.50022081473722,0,90,1.0,6,4.552881179766775e-06
7.94,0.004172395771277602,77.50013130838836,0,90,1.0,6,2.707389450754996e-06
7.945,0.009438687428818865,77.50007713570277,0,90,1.0,6,1.5904268611824797e-06
7.95,0.019500507867137046,77.50004476277108,0,90,1.0,6,9.229437336633748e-07
7.955,0.03679496976339974,77.5000256612047,0,90,1.0,6,5.290970041749967e-07
7.96,0.06340728953298436,77.50001453234408,0,90,1.0,6,2.996359604512503e-07
7.965,0.09979255396093453,77.50000813004326,0,90,1.0,6,1.6762975784547157e-07
7.97,0.14343835518453557,77.50000449312597,0,90,1.0,6,9.264177259462213e-08
7.975,0.18829581417209276,77.50000245303015,0,90,1.0,6,5.057794121207688e-08
7.98,0.2257481735193119,77.50000132298747,0,90,1.0,6,2.7278092215731037e-08
7.985,0.24718154073554727,77.50000070486692,0,90,1.0,6,1.4533338564677289e-08
7.99,0.24718154074102772,77.50000037098563,0,90,1.0,6,7.64918827934304e-09
7.995,0.22574817354072055,77.50000019288817,0,90,1.0,6,3.97707558524004e-09
8.0,0.18829581422840957,77.5000000990724,0,90,1.0,6,2.042729788299016e-09
8.005,0.14343835532456656,77.50000005026877,0,90,1.0,6,1.0364694211715425e-09
8.01,0.09979255431561854,77.50000002519663,0,90,1.0,6,5.195180826198451e-10
8.015,0.06340729067170194,77.50000001247628,0,90,1.0,6,2.572428410033907e-10
8.02,0.03679497683410042,77.50000000610277,0,90,1.0,6,1.2583023283124142e-10
8.025,0.019500578284482293,77.50000000294894,0,90,1.0,6,6.080282669104563e-11
8.03,0.009439396781978427,77.50000000140768,0,90,1.0,6,2.90244254747168e-11
8.035,0.004178588733610924,77.5000000006638,0,90,1.0,6,1.3686664630964965e-11
8.04,0.0017299316936037381,77.50000000030923,0,90,1.0,6,6.375839146449394e-12
8.045,0.0008997325756988589,77.50000000014231,0,90,1.0,6,2.9341752395470693e-12
8.05,0.001634769674224814,77.50000000006469,0,90,1.0,6,1.3337692920329797e-12
8.055,0.00614904736476635,77.50000000002905,0,90,1.0,6,5.989069492344927e-13
8.06,0.02168080359963608,77.50000000001289,0,90,1.0,6,2.6575763353996326e-13
8.065,0.06433400338904088,77.50000000000564,0,90,1.0,6,1.1632390354505557e-13
8.07,0.1593410769217493,77.50000000000244,0,90,1.0,6,5.03972579590669e-14
8.075,0.3291989194808569,77.50000000000105,0,90,1.0,6,2.1682541214947386e-14
8.08,0.5672906802982638,77.50000000000044,0,90,1.0,6,9.083226725180661e-15
8.085,0.815339152120446,77.50000000000018,0,90,1.0,6,3.809095078301568e-15
8.09,0.9768711246313155,77.50000000000007,0,90,1.0,6,1.465036568577526e-15
8.095,0.9726380909165361,77.50000000000003,0,90,1.0,6,5.860146274310105e-16
8.1,0.7921091683291741,77.50000000000001,0,90,1.0,6,2.9300731371550523e-16
8.105,0.49139090102639077,77.5,0,90,1.0,6,0.0
8.11,0.15739335672107918,77.5,0,90,1.0,6,0.0
8.115,-0.11102342218909485,77.5,0,90,1.0,6,0.0
8.12,-0.2314207883647528,77.50000285328441,1,90,1.0,6,5.883060647572643e-08
8.125,-0.2029124434754801,77.50000562140409,0,90,1.0,6,1.1590523887282392e-07
8.13,-0.11151350554305876,77.50001183073464,0,90,1.0,6,2.4393267289710397e-07
8.135,-0.039430666652076896,77.50002762917026,0,90,1.0,6,5.696736136471992e-07
8.14,-0.006087703519843621,77.50007245443882,0,90,1.0,6,1.4939059550923367e-06
8.145,0.005350271385530551,77.50020725996767,0,90,1.0,6,4.273401395187075e-06
8.15,0.010381647827441833,77.50061582704151,0,90,1.0,6,1.269746477348854e-05
8.155,0.015115203303506243,77.50182248868452,0,90,1.0,6,3.757708627885804e-05
8.16,0.021170964062928475,77.5052310715901,0,90,1.0,6,0.00010785714618768954
8.165,0.029082821134029553,77.51435172175279,0,90,1.0,6,0.0002959117887172917
8.17,0.03923107061708144,77.53735285072946,0,90,1.0,6,0.0007701618707105621
8.175,0.051969043308817596,77.5918691803079,0,90,1.0,6,0.0018942099032555814
8.18,0.06760532616283861,77.71309481986977,0,90,1.0,6,0.004393707626180756
8.185,0.08636519236693461,77.96566482587883,0,90,1.0,6,0.009601336616058397
8.19,0.10834733138818661,78.45812550344493,0,90,1.0,6,0.01975516501948315
8.195,0.1334809643017884,79.35558674678168,0,90,1.0,6,0.03825952055219964
8.2,0.16148868344343945,80.88198151748664,0,90,1.0,6,0.06973157768013682
8.205,0.191860907532018,83.30025257051231,0,90,1.0,6,0.11959283650540853
8.21,0.22384764873847726,86.86014114836432,0,90,1.0,6,0.19299260099720247
8.215,0.25647215537198226,91.71228864363101,0,90,1.0,6,0.29303687925012395
8.22,0.2885689161419028,97.80423612993579,0,90,1.0,6,0.4186440439162018
8.225,0.31884566517832524,104.79307462662686,0,90,1.0,6,0.5627438067345745
8.23,0.3459657668955683,112.02004978372179,0,90,1.0,6,0.7117536037880781
8.235,0.3686441789190902,118.58316466468419,0,90,1.0,6,0.8470755600965812
8.24,0.3857476379544367,123.51148828718976,0,90,1.0,6,0.9486904801482425
8.245,0.3963882865005728,126.0,0,90,1.0,6,1.0
8.25,0.4,125.62830221298329,0,90,1.0,6,0.9923361281027482
8.255,0.39638828650057273,122.48203243932362,0,90,1.0,6,0.9274645863778066
8.26,0.38574763795443656,117.12925074937131,0,90,1.0,6,0.8170979535952847
8.265,0.36864417891908974,110.46116941721593,0,90,1.0,6,0.6796117405611531
8.27,0.345965766895568,103.45897551850818,0,90,1.0,6,0.5352366086290347
8.275,0.3188456651783249,96.97065636772538,0,90,1.0,6,0.4014568323242347
8.28,0.28856891614190205,91.56589466519785,0,90,1.0,6,0.29001844670511023
8.285,0.2564721553719815,87.49604796974954,0,90,1.0,6,0.206104081850506
8.29,0.22384764873847685,84.74329427423734,0,90,1.0,6,0.14934627369561532
8.295,0.19186090753201765,83.11746244254847,0,90,1.0,6,0.11582396788759737
8.3,0.16148868344343878,82.3568848664176,0,90,1.0,6,0.10014195600861034
8.305,0.1334809643017881,82.20419486948393,0,90,1.0,6,0.09699370864915315
8.31,0.10834733138818531,82.4474226772088,0,90,1.0,6,0.102008714993996
8.315,0.08636519236690572,82.93146838815557,0,90,1.0,6,0.11198903893104258
8.32,0.06760532616242629,83.55144100802794,0,90,1.0,6,0.12477197954696775
8.325,0.05196904332202373,84.23890517799641,0,90,1.0,6,0.13894649851539
8.33,0.03923107185803287,84.94831218827366,0,90,1.0,6,0.15357344718090024
8.335,0.02908287038705761,85.64686744660881,0,90,1.0,6,0.16797664838368678
8.34,0.02117220077308346,86.30832747591782,0,90,1.0,6,0.18161499950346022
8.345,0.0151361834125735,86.90992131114385,0,90,1.0,6,0.19401899610605872
8.35,0.010626454858290009,87.43130093518502,0,90,1.0,6,0.20476909144711383
8.355,0.007326255555493652,87.85460739278714,0,90,1.0,6,0.21349705964509577
8.36,0.004960179211183015,88.16503318602679,0,90,1.0,6,0.21989759146446988
8.365,0.0032978759379303545,88.35150634707973,0,90,1.0,6,0.2237423989088605
8.37,0.002153242296767213,88.40728293523891,0,90,1.0,6,0.22489243165441053
8.375,0.001380616732225004,88.33033092317498,0,90,1.0,6,0.22330579223041203
8.38,0.0008693106590991584,88.12344658788109,0,90,1.0,6,0.21904013583259982
8.385,0.000537524815942247,87.79408397232552,0,90,1.0,6,0.2122491540685675
8.39,0.0003263951340288585,87.35390857822988,0,90,1.0,6,0.20317337274700778
8.395,0.00019463030985187395,86.81811153597118,0,90,1.0,6,0.19212601105095226
8.4,0.00011397219555062695,86.20454017631614,0,90,1.0,6,0.17947505518177614
8.405,6.55403863487943e-05,85.5327142396845,0,90,1.0,6,0.1656229740141133
8.41,3.701184389455385e-05,84.82280306012088,0,90,1.0,6,0.15098563010558508
8.415,2.0525516217290957e-05,84.09463776038064,0,90,1.0,6,0.13597191258516775
8.42,1.1178128483661116e-05,83.36682439710084,0,90,1.0,6,0.1209654514866153
8.425,5.978135409912517e-06,82.65601043153745,0,90,1.0,6,0.10630949343376192
8.43,3.1396702713238487e-06,81.97633972309383,0,90,1.0,6,0.09229566439368721
8.435,1.6192875458531019e-06,81.33911255053565,0,90,1.0,7,0.07915695980485868
8.44,8.201353897972012e-07,80.75264902476607,0,90,1.0,7,0.0670649283456922
8.445,4.0791415086824765e-07,80.22233844465784,0,90,1.0,7,0.05613068958057395
8.45,1.9923866938774793e-07,79.75084496649728,0,90,1.0,7,0.04640917456695429
8.455,9.556527981051257e-08,79.33843213578254,0,90,1.0,7,0.03790581723262969
8.46,4.501406988770349e-08,78.9833655092204,0,90,1.0,7,0.030584855860214546
8.465,0.0,78.682353399043,0,90,1.0,7,0.02437842059882464
8.47,0.0,78.43098993416538,0,90,1.0,7,0.019195668745677973
8.475,0.0,78.22417115200214,0,90,1.0,7,0.014931363958807063
8.48,0.0,78.05646263625866,0,90,1.0,7,0.011473456417704288
8.485,0.0,77.92240529264143,0,90,1.0,7,0.008709387477142862
8.49,0.0,77.81675337219069,0,90,1.0,7,0.006530997364756479
8.495,0.0,77.73464521201578,0,90,1.0,7,0.004838045608572738
8.5,0.0,77.6717120211314,0,90,1.0,7,0.0035404540439463563
8.505,0.0,77.62413328746686,0,90,1.0,7,0.002559449226120855
8.51,0.0,77.58864910755129,0,90,1.0,7,0.0018278166505420771
8.515,0.0,77.56254016636984,0,90,1.0,7,0.0012894879663885074
8.52,0.0,77.54358552186387,0,90,1.0,7,0.0008986705538943297
8.525,0.0,77.53000709975734,0,90,1.0,7,0.0006187030877802349
8.53,0.0,77.52040818335705,0,90,1.0,7,0.00042078728571233844
8.535,0.0,77.51371144502332,0,90,1.0,7,0.00028271020666635973
8.54,0.0,77.50910040372447,0,90,1.0,7,0.00018763719019534853
8.545,0.0,77.50596673357165,0,90,1.0,7,0.00012302543446709286
8.55,0.0,77.5038646590576,0,90,1.0,7,7.968369190923545e-05
8.555,0.0,77.50247277317126,0,90,1.0,7,5.098501384047511e-05
8.56,0.0,77.50156298902219,0,90,1.0,7,3.222657777711771e-05
8.565,0.0,77.50097594676535,0,90,1.0,7,2.0122613718576384e-05
8.57,0.0,77.50060199777202,0,90,1.0,7,1.2412325196347533e-05
8.575,0.0,77.50036682775895,0,90,1.0,7,7.563458947475906e-06
8.58,0.0,77.50022081473722,0,90,1.0,7,4.552881179766775e-06
8.585,0.0,77.50013130838836,0,90,1.0,7,2.707389450754996e-06
8.59,0.0,77.50007713570277,0,90,1.0,7,1.5904268611824797e-06
8.595,0.0,77.50004476277108,0,90,1.0,7,9.229437336633748e-07
8.6,0.0,77.5000256612047,0,90,1.0,7,5.290970041749967e-07
8.605,0.0,77.50001453234408,0,90,1.0,7,2.996359604512503e-07
8.61,0.0,77.50000813004326,0,90,1.0,7,1.6762975784547157e-07
8.615,0.0,77.50000449312597,0,90,1.0,7,9.264177259462213e-08
8.62,0.0,77.50000245303015,0,90,1.0,7,5.057794121207688e-08
8.625,0.001684486749771458,77.50000132298747,0,90,1.0,7,2.7278092215731037e-08
8.63,0.004172395771277602,77.50000070486692,0,90,1.0,7,1.4533338564677289e-08
8.635,0.009438687428818865,77.50000037098563,0,90,1.0,7,7.64918827934304e-09
8.64,0.019500507867137046,77.50000019288817,0,90,1.0,7,3.97707558524004e-09
8.645,0.03679496976339974,77.5000000990724,0,90,1.0,7,2.042729788299016e-09
8.65,0.06340728953298436,77.50000005026877,0,90,1.0,7,1.0364694211715425e-09
8.655,0.09979255396093453,77.50000002519663,0,90,1.0,7,5.195180826198451e-10
8.66,0.14343835518453557,77.50000001247628,0,90,1.0,7,2.572428410033907e-10
8.665,0.18829581417209276,77.50000000610277,0,90,1.0,7,1.2583023283124142e-10
8.67,0.2257481735193119,77.50000000294894,0,90,1.0,7,6.080282669104563e-11
8.675,0.24718154073554727,77.50000000140768,0,90,1.0,7,2.90244254747168e-11
8.68,0.24718154074102772,77.5000000006638,0,90,1.0,7,1.3686664630964965e-11
8.685,0.22574817354072055,77.50000000030923,0,90,1.0,7,6.375839146449394e-12
8.69,0.18829581422840957,77.50000000014231,0,90,1.0,7,2.9341752395470693e-12
8.695,0.14343835532456656,77.50000000006469,0,90,1.0,7,1.3337692920329797e-12
8.7,0.09979255431561854,77.50000000002905,0,90,1.0,7,5.989069492344927e-13
8.705,0.06340729067170194,77.50000000001289,0,90,1.0,7,2.6575763353996326e-13
8.71,0.03679497683410042,77.50000000000564,0,90,1.0,7,1.1632390354505557e-13
8.715,0.019500578284482293,77.50000000000244,0,90,1.0,7,5.03972579590669e-14
8.72,0.009439396781978427,77.50000000000105,0,90,1.0,7,2.1682541214947386e-14
8.725,0.004178588733610924,77.50000000000044,0,90,1.0,7,9.083226725180661e-15
8.73,0.0017299316936037381,77.50000000000018,0,90,1.0,7,3.809095078301568e-15
8.735,0.0008997325756988589,77.50000000000007,0,90,1.0,7,1.465036568577526e-15
8.74,0.001634769674224814,77.50000000000003,0,90,1.0,7,5.860146274310105e-16
8.745,0.00614904736476635,77.50000000000001,0,90,1.0,7,2.9300731371550523e-16
8.75,0.02168080359963608,77.5,0,90,1.0,7,0.0
8.755,0.06433400338904088,77.5,0,90,1.0,7,0.0
8.76,0.1593410769217493,77.5,0,90,1.0,7,0.0
8.765,0.3291989194808569,77.50000284586159,1,90,1.0,7,5.8677558500516847e-08
8.77,0.5672906802982638,77.50000540621835,0,90,1.0,7,1.1146841957598394e-07
8.775,0.815339152120446,77.5000108768639,0,90,1.0,7,2.2426523498287464e-07
8.78,0.9768711246313155,77.5000239632854,0,90,1.0,7,4.940883587719842e-07
8.785,0.9726380909165361,77.50005866103898,0,90,1.0,7,1.2095059582978926e-06
8.79,0.7921091683291741,77.5001565274914,0,90,1.0,7,3.2273709566722866e-06
8.795,0.49139090102639077,77.50043717338163,0,90,1.0,7,9.013884157259303e-06
8.8,0.15739335672107918,77.50122904689188,0,90,1.0,7,2.534117302843697e-05
8.805,-0.11102342218909485,77.50338542462353,0,90,1.0,7,6.980256955733511e-05
8.81,-0.2314207883647528,77.50899344295689,0,90,1.0,7,0.0001854318135441804
8.815,-0.2029124434754801,77.52284424176906,0,90,1.0,7,0.00047101529420751363
8.82,-0.11151350554305876,77.55523138800068,0,90,1.0,7,0.0011387915051686152
8.825,-0.039430666652076896,77.62679470536686,0,90,1.0,7,0.002614323821997157
8.83,-0.006087703519843621,77.77602863433232,0,90,1.0,7,0.005691312048089076
8.835,0.005350271385530551,78.06941882061071,0,90,1.0,7,0.011740594239396024
8.84,0.010381647827441833,78.61264705687972,0,90,1.0,7,0.022941176430509753
8.845,0.015115203303506243,79.55887006289213,0,90,1.0,7,0.04245092913179641
8.85,0.021170964062928475,81.10733409746567,0,90,1.0,7,0.07437802262815808
8.855,0.029082821134029553,83.4840347084959,0,90,1.0,7,0.12338215893805975
8.86,0.03923107061708144,86.89791075708786,0,90,1.0,7,0.19377135581624447
8.865,0.051969043308817596,91.47290531438892,0,90,1.0,7,0.28810114050286445
8.87,0.06760532616283861,97.16780461229023,0,90,1.0,7,0.40552174458330364
8.875,0.08636519236693461,103.70838557386074,0,90,1.0,7,0.5403790839971286
8.88,0.10834733138818661,110.56339952140614,0,90,1.0,7,0.6817195777609514
8.885,0.1334809643017884,116.9905505634757,0,90,1.0,7,0.8142381559479525
8.89,0.16148868344343945,122.1585552525796,0,90,1.0,7,0.9207949536614352
8.895,0.191860907532018,125.32204653102696,0,90,1.0,7,0.9860215779593187
8.9,0.22384764873847726,126.0,0,90,1.0,7,1.0
8.905,0.25647215537198226,124.09929318952061,0,90,1.0,7,0.960810168856095
8.91,0.2885689161419028,119.94001348411793,0,90,1.0,7,0.8750518244148026
8.915,0.31884566517832524,114.17337664266108,0,90,1.0,7,0.7561520957249708
8.92,0.3459657668955683,107.62152108345802,0,90,1.0,7,0.6210622903805777
8.925,0.3686441789190902,101.0936464742221,0,90,1.0,7,0.4864669376128268
8.93,0.3857476379544367,95.23476363020654,0,90,1.0,7,0.3656652294887947
8.935,0.3963882865005728,90.4435854989949,0,90,1.0,7,0.2668780515256682
8.94,0.4,86.86645009682657,0,90,1.0,7,0.19312268240879524
8.945,0.39638828650057273,84.44866361769579,0,90,1.0,7,0.14327141479785124
8.95,0.38574763795443656,83.01238886958782,0,90,1.0,7,0.11365750246572832
8.955,0.36864417891908974,82.33219786893802,0,90,1.0,7,0.09963294575129947
8.96,0.345965766895568,82.19037236159303,0,90,1.0,7,0.09670870848645433
8.965,0.3188456651783249,82.4067713597822,0,90,1.0,7,0.10117054350066387
8.97,0.28856891614190205,82.84733349045737,0,90,1.0,7,0.11025429877231697
8.975,0.2564721553719815,83.41925731830845,0,90,1.0,7,0.12204654264553512
8.98,0.22384764873847685,84.06060249564256,0,90,1.0,7,0.13527015454933106
8.985,0.19186090753201765,84.7296112585338,0,90,1.0,7,0.14906414966049059
8.99,0.16148868344343878,85.39633568541677,0,90,1.0,7,0.16281104506013966
8.995,0.1334809643017881,86.03717687645855,0,90,1.0,7,0.17602426549399064
9.0,0.10834733138818531,86.63190565549688,0,90,1.0,7,0.18828671454632742
9.005,0.08636519236690572,87.16241124326619,0,90,1.0,7,0.19922497408796272
9.01,0.06760532616242629,87.61248306715446,0,90,1.0,7,0.20850480550833933
9.015,0.05196904332202373,87.96811794886472,0,90,1.0,7,0.21583748348174672
9.02,0.03923107185803287,88.21802622801505,0,90,1.0,7,0.22099023150546493
9.025,0.02908287038705761,88.35414161770949,0,90,1.0,7,0.2237967343857626
9.03,0.02117220077308346,88.37202232834514,0,90,1.0,7,0.22416540883185854
9.035,0.0151361834125735,88.27108106749418,0,90,1.0,7,0.22208414572152949
9.04,0.010626454858290009,88.05461363524023,0,90,1.0,7,0.21762089969567486
9.045,0.007326255555493652,87.7296191903864,0,90,1.0,7,0.21091998330693612
9.05,0.004960179211183015,87.30642415743608,0,90,1.0,7,0.20219431252445533
9.055,0.0032978759379303545,86.79813742453794,0,90,1.0,7,0.19171417370181323
9.06,0.002153242296767213,86.21997675578243,0,90,1.0,7,0.17979333517077167
9.065,0.001380616732225004,85.58851459767371,0,90,1.0,7,0.16677349685925172
9.07,0.0008693106590991584,84.92089522273513,0,90,1.0,7,0.15300814892237374
9.075,0.000537524815942247,84.2340743273611,0,90,1.0,7,0.13884689334765155
9.08,0.0003263951340288585,83.54412713946391,0,90,1.0,7,0.1246211781332765
9.085,0.00019463030985187395,82.86566255613282,0,90,1.0,7,0.11063221765222306
9.09,0.00011397219555062695,82.2113698868779,0,90,1.0,7,0.09714164715212173
9.095,6.55403863487943e-05,81.59171264922182,0,90,1.0,7,0.08436520926230553
9.1,3.701184389455385e-05,81.0147717845139,0,90,1.0,7,0.07246952133018345
9.105,2.0525516217290957e-05,80.48622973646444,0,90,1.0,7,0.06157174714359665
9.11,1.1178128483661116e-05,80.00947792665202,0,90,1.0,7,0.0517418129206603
9.115,5.978135409912517e-06,79.58582382558662,0,90,1.0,7,0.04300667681621888
9.12,3.1396702713238487e-06,79.21477027933115,0,90,1.0,7,0.03535608823363192
9.125,1.6192875458531019e-06,78.89433892375651,0,90,1.0,7,0.02874925615992798
9.13,8.201353897972012e-07,78.62141105818226,0,90,1.0,7,0.02312187748829404
9.135,4.0791415086824765e-07,78.39206273455854,0,90,1.0,7,0.018393046073371874
9.14,1.9923866938774793e-07,78.20187543065295,0,90,1.0,7,0.014471658363978296
9.145,9.556527981051257e-08,78.04620888776554,0,90,1.0,7,0.01126203892300092
9.15,4.501406988770349e-08,77.9204279351801,0,90,1.0,7,0.00866861722020826
9.155,0.0,77.82007993256983,0,90,1.0,7,0.0065995862385531045
9.16,0.0,77.74102351106553,0,90,1.0,7,0.004969556929186289
9.165,0.0,77.67951239873214,0,90,1.0,7,0.003701286571796767
9.17,0.0,77.63224022257143,0,90,1.0,7,0.0027266025272458896
9.175,0.0,77.59635333975864,0,90,1.0,7,0.0019866667991471345
9.18,0.0,77.56943909521827,0,90,1.0,7,0.0014317339220262168
9.185,0.0,77.54949660528963,0,90,1.0,7,0.0010205485626728467
9.19,0.0,77.53489641831816,0,90,1.0,7,0.000719513779755774
9.195,0.0,77.52433438497737,0,90,1.0,7,0.0005017398964405191
9.2,0.0,77.51678394216378,0,90,1.0,7,0.0003460606631707969
9.205,0.0,77.51144989895161,0,90,1.0,7,0.0002360803907548608
9.21,0.0,77.50772579914724,0,90,1.0,7,0.00015929482777810147
9.215,0.0,77.50515607531464,0,90,1.0,7,0.00010631083122978725
9.22,0.0,77.50340352677404,0,90,1.0,7,7.017580977394714e-05
9.225,0.0,77.50222214896947,0,90,1.0,7,4.581750452506846e-05
9.23,0.0,77.50143499784357,0,90,1.0,7,2.9587584403599846e-05
9.235,0.0,77.50091656528996,0,90,1.0,7,1.8898253401142864e-05
9.24,0.0,77.50057904143834,0,90,1.0,7,1.1938998728714274e-05
9.245,0.0,77.50036181782804,0,90,1.0,7,7.460161402809014e-06
9.25,0.0,77.50022361676467,0,90,1.0,7,4.610654941678749e-06
9.255,0.0,77.50013669506535,0,90,1.0,7,2.818454955680882e-06
9.26,0.0,77.50008264857955,0,90,1.0,7,1.7040944237109704e-06
9.265,0.0,77.50004942560916,0,90,1.0,7,1.0190847250055179e-06
9.27,0.0,77.50002923497637,0,90,1.0,7,6.027830178735121e-07
9.275,0.0,77.50001710360048,0,90,1.0,7,3.5265155637829334e-07
9.28,0.0,77.50000989706493,0,90,1.0,7,2.0406319438350074e-07
9.285,0.0,77.50000566447123,0,90,1.0,7,1.1679322127063117e-07
9.29,0.001684486749771458,77.50000320661198,0,90,1.0,7,6.611571089922212e-08
9.295,0.004172395771277602,77.50000179542606,0,90,1.0,7,3.7019093989544774e-08
9.3,0.009438687428818865,77.50000099431209,0,90,1.0,7,2.0501280178652132e-08
9.305,0.019500507867137046,77.50000054464309,0,90,1.0,7,1.1229754354363397e-08
9.31,0.03679496976339974,77.50000029507699,0,90,1.0,7,6.084061584429552e-09
9.315,0.06340728953298436,77.50000015812218,0,90,1.0,7,3.2602510656811926e-09
9.32,0.09979255396093453,77.50000008380778,0,90,1.0,7,1.727995396256879e-09
9.325,0.14343835518453557,77.50000004393492,0,90,1.0,7,9.058745964119732e-10
9.33,0.18829581417209276,77.50000002278082,0,90,1.0,7,4.697077183101503e-10
9.335,0.2257481735193119,77.50000001168324,0,90,1.0,7,2.408915678614969e-10
9.34,0.24718154073554727,77.5000000059264,0,90,1.0,7,1.221937190607183e-10
9.345,0.24718154074102772,77.5000000029734,0,90,1.0,7,6.130709227795003e-11
9.35,0.22574817354072055,77.50000000147553,0,90,1.0,7,3.0423242390394625e-11
9.355,0.18829581422840957,77.50000000072423,0,90,1.0,7,1.4932531728883294e-11
9.36,0.14343835532456656,77.50000000035159,0,90,1.0,7,7.249293948635315e-12
9.365,0.09979255431561854,77.50000000016882,0,90,1.0,7,3.4809268869402023e-12
9.37,0.06340729067170194,77.50000000008018,0,90,1.0,7,1.6531472639828805e-12
9.375,0.03679497683410042,77.50000000003766,0,90,1.0,7,7.764693813460888e-13
9.38,0.019500578284482293,77.5000000000175,0,90,1.0,7,3.606920031837869e-13
9.385,0.009439396781978427,77.50000000000804,0,90,1.0,7,1.6584213956297595e-13
9.39,0.004178588733610924,77.50000000000365,0,90,1.0,7,7.530287962488484e-14
9.395,0.0017299316936037381,77.50000000000165,0,90,1.0,7,3.3988848390998606e-14
9.4,0.0008997325756988589,77.50000000000072,0,90,1.0,7,1.4943372999490767e-14
9.405,0.001634769674224814,77.50000000000033,0,90,1.0,7,6.73916821545662e-15
9.41,0.00614904736476635,77.50000000000014,0,90,1.0,7,2.930073137155052e-15
9.415,0.02168080359963608,77.50000000000006,0,90,1.0,7,1.172029254862021e-15
9.42,0.06433400338904088,77.50000000000003,0,90,1.0,7,5.860146274310105e-16
9.425,0.1593410769217493,77.50000000000001,0,90,1.0,7,2.9300731371550523e-16
9.43,0.3291989194808569,77.5,0,90,1.0,7,0.0
9.435,0.5672906802982638,77.5,0,90,1.0,7,0.0
9.44,0.815339152120446,77.5,0,90,1.0,7,0.0
9.445,0.9768711246313155,77.50000285066528,1,90,1.0,7,5.8776603762772095e-08
9.45,0.9726380909165361,77.50000533774794,0,90,1.0,7,1.1005665847620811e-07
9.455,0.7921091683291741,77.50001055134113,0,90,1.0,7,2.1755342544631426e-07
9.46,0.49139090102639077,77.50002272509559,0,90,1.0,7,4.685586719629616e-07
9.465,0.15739335672107918,77.50005414678377,0,90,1.0,7,1.1164285312949602e-06
9.47,-0.11102342218909485,77.500140505292,0,90,1.0,7,2.8970163297926024e-06
9.475,-0.2314207883647528,77.50038258369432,0,90,1.0,7,7.888323594182947e-06
9.48,-0.2029124434754801,77.5010527695429,0,90,1.0,7,2.1706588513294712e-05
9.485,-0.11151350554305876,77.50284972513398,0,90,1.0,7,5.875721925740811e-05
9.49,-0.039430666652076896,77.50746597756105,0,90,1.0,7,0.00015393768167121978
9.495,-0.006087703519843621,77.51876169890194,0,90,1.0,7,0.0003868391526173268
9.5,0.005350271385530551,77.54500396355465,0,90,1.0,7,0.000927916774322657
9.505,0.010381647827441833,77.60277510805538,0,90,1.0,7,0.0021190743928944885
9.51,0.015115203303506243,77.72313394409493,0,90,1.0,7,0.004600699878245889
9.515,0.021170964062928475,77.96019364845812,0,90,1.0,7,0.009488528834187958
9.52,0.029082821134029553,78.40119339193035,0,90,1.0,7,0.018581307050110282
9.525,0.03923107061708144,79.17526941030879,0,90,1.0,7,0.034541637325954354
9.53,0.051969043308817596,80.45579048450003,0,90,1.0,7,0.06094413370103151
9.535,0.06760532616283861,82.44931195947832,0,90,1.0,7,0.10204766926759427
9.54,0.08636519236693461,85.36455622127653,0,90,1.0,7,0.16215579837683566
9.545,0.10834733138818661,89.35900055276574,0,90,1.0,7,0.24451547531475742
9.55,0.1334809643017884,94.46913761169944,0,90,1.0,7,0.3498791260144214
9.555,0.16148868344343945,100.54136540845477,0,90,1.0,7,0.47507969914339726
9.56,0.191860907532018,107.18914743882308,0,90,1.0,7,0.612147369872641
9.565,0.22384764873847726,113.8027021799891,0,90,1.0,7,0.7485093232987443
9.57,0.25647215537198226,119.62609966806052,0,90,1.0,7,0.868579374599186
9.575,0.2885689161419028,123.89459021136328,0,90,1.0,7,0.9565894888940882
9.58,0.31884566517832524,126.0,0,90,1.0,7,1.0
9.585,0.3459657668955683,125.63555232071732,0,90,1.0,7,0.992485614860151
9.59,0.3686441789190902,122.8728829839707,0,90,1.0,7,0.9355233604942412
9.595,0.3857476379544367,118.14488894980822,0,90,1.0,7,0.8380389474187262
9.6,0.3963882865005728,112.14032116465883,0,90,1.0,7,0.7142334260754398
9.605,0.4,105.64571806451514,0,90,1.0,7,0.5803240838044358
9.61,0.39638828650057273,99.38474665898676,0,90,1.0,7,0.4512318898760156
9.615,0.38574763795443656,93.89946334087666,0,90,1.0,7,0.3381332647603436
9.62,0.36864417891908974,89.49722210145336,0,90,1.0,7,0.24736540415367753
9.625,0.345965766895568,86.26179009897115,0,90,1.0,7,0.18065546595816798
9.63,0.3188456651783249,84.10837075711324,0,90,1.0,7,0.1362550671569739
9.635,0.28856891614190205,82.85525798893129,0,90,1.0,7,0.11041769049342856
9.64,0.2564721553719815,82.28893368935184,0,90,1.0,8,0.09874090081137807
9.645,0.22384764873847685,82.20954302821511,0,90,1.0,8,0.09710397996319811
9.65,0.19186090753201765,82.45412614899202,0,90,1.0,8,0.1021469309070519
9.655,0.16148868344343878,82.9020248457851,0,90,1.0,8,0.11138195558319808
9.66,0.1334809643017881,83.46956389310165,0,90,1.0,8,0.1230837916103433
9.665,0.10834733138818531,84.1004855952502,0,90,1.0,8,0.13609248650000424
9.67,0.08636519236690572,84.75645137662403,0,90,1.0,8,0.14961755415719646
9.675,0.06760532616242629,85.40966434514888,0,90,1.0,8,0.16308586278657491
9.68,0.05196904332202373,86.0380544133898,0,90,1.0,8,0.17604235903896498
9.685,0.03923107185803287,86.62263152761466,0,90,1.0,8,0.18809549541473522
9.69,0.02908287038705761,87.14635512742458,0,90,1.0,8,0.1988939201530842
9.695,0.02117220077308346,87.59392038235315,0,90,1.0,8,0.20812206973924013
9.7,0.0151361834125735,87.95201971947535,0,90,1.0,8,0.21550556122629577
9.705,0.010626454858290009,88.20979239540345,0,90,1.0,8,0.22082046176089595
9.71,0.007326255555493652,88.35928803931012,0,90,1.0,8,0.2239028461713426
9.715,0.004960179211183015,88.3958424677883,0,90,1.0,8,0.22465654572759378
9.72,0.0032978759379303545,88.31830826653777,0,90,1.0,8,0.22305790240284062
9.725,0.002153242296767213,88.12911092076266,0,90,1.0,8,0.21915692620129187
9.73,0.001380616732225004,87.83412164429782,0,90,1.0,8,0.21307467307830563
9.735,0.0008693106590991584,87.44235443924178,0,90,1.0,8,0.20499699874725325
9.74,0.000537524815942247,86.96550861191454,0,90,1.0,8,0.19516512601885658
9.745,0.0003263951340288585,86.41738895346812,0,90,1.0,8,0.18386368976222928
9.75,0.00019463030985187395,85.81324358973214,0,90,1.0,8,0.171407084324374
9.755,0.00011397219555062695,85.16906367666229,0,90,1.0,8,0.15812502426107813
9.76,6.55403863487943e-05,84.5008894969962,0,90,1.0,8,0.14434823705146793
9.765,3.701184389455385e-05,83.82416428298873,0,90,1.0,8,0.1303951398554378
9.77,2.0525516217290957e-05,83.15317077049401,0,90,1.0,8,0.11656022207204154
9.775,1.1178128483661116e-05,82.50057687127921,0,90,1.0,8,0.10310467775833418
9.78,5.978135409912517e-06,81.8771068894783,0,90,1.0,8,0.09024962658718141
9.785,3.1396702713238487e-06,81.29134441020258,0,90,1.0,8,0.07817204969489863
9.79,1.6192875458531019e-06,80.74966329577829,0,90,1.0,8,0.06700336692326372
9.795,8.201353897972012e-07,80.25627492189922,0,90,1.0,8,0.05683041076080865
9.8,4.0791415086824765e-07,79.81337343151264,0,90,1.0,8,0.04769842126830195
9.805,1.9923866938774793e-07,79.42135668043277,0,90,1.0,8,0.03961560165840754
9.81,9.556527981051257e-08,79.07909874103451,0,90,1.0,8,0.032558736928546675
9.815,4.501406988770349e-08,78.78425013843707,0,90,1.0,8,0.026479384297671618
9.82,0.0,78.5335440627456,0,90,1.0,8,0.021310186860734128
9.825,0.0,78.32309016640502,0,90,1.0,8,0.016970931266082963
9.83,0.0,78.14864170879353,0,90,1.0,8,0.013374055851413066
9.835,0.0,78.00582625821215,0,90,1.0,8,0.010429407385817584
9.84,0.0,77.89033447553675,0,90,1.0,8,0.008048133516221589
9.845,0.0,77.79806535061086,0,90,1.0,8,0.006145677332182583
9.85,0.0,77.72522941908457,0,90,1.0,8,0.0046439055481354696
9.855,0.0,77.66841384122971,0,90,1.0,8,0.0034724503346331417
9.86,0.0,77.62461476063879,0,90,1.0,8,0.0025693765080163334
9.865,0.0,77.59124314265756,0,90,1.0,8,0.001881301910465172
9.87,0.0,77.5661104364004,0,90,1.0,8,0.0013631017814514075
9.875,0.0,77.54740005593854,0,90,1.0,8,0.0009773207410008
9.88,0.0,77.53362998903987,0,90,1.0,8,0.0006934018358735332
9.885,0.0,77.52361095963337,0,90,1.0,8,0.00048682390996646063
9.89,0.0,77.51640361595736,0,90,1.0,8,0.00033821888571872985
9.895,0.0,77.51127728584574,0,90,1.0,8,0.00023252135764404482
9.9,0.0,77.50767200055635,0,90,1.0,8,0.0001581855784815344
9.905,0.0,77.50516477853803,0,90,1.0,8,0.00010649027913466187
9.91,0.0,77.503440597138,0,90,1.0,8,7.094014717516253e-05
9.915,0.0,77.5022680623265,0,90,1.0,8,4.676417168027292e-05
9.92,0.0,77.50147950074185,0,90,1.0,8,3.0505169935078867e-05
9.925,0.0,77.50095502431975,0,90,1.0,8,1.9691223087647813e-05
9.93,0.0,77.50061003213925,0,90,1.0,8,1.2577982252566668e-05
9.935,0.0,77.50038559380044,0,90,1.0,8,7.95038763803906e-06
9.94,0.0,77.50024118284321,0,90,1.0,8,4.9728421280745995e-06
9.945,0.0,77.50014928006648,0,90,1.0,8,3.0779395150644987e-06
9.95,0.0,77.50009143158961,0,90,1.0,8,1.8851874146323622e-06
9.955,0.0,77.50005541530939,0,90,1.0,8,1.1425836987655202e-06
9.96,0.0,77.50003323550604,0,90,1.0,8,6.852681657310126e-07
9.965,0.0,77.50001972485731,0,90,1.0,8,4.06698088869403e-07
9.97,0.0,77.50001158415837,0,90,1.0,8,2.3884862622891006e-07
9.975,0.0,77.50000673215557,0,90,1.0,8,1.388073313198229e-07
9.98,0.0,77.5000038715319,0,90,1.0,8,7.982540004489884e-08
9.985,0.001684486749771458,77.50000220318306,0,90,1.0,8,4.542645480852894e-08
9.99,0.004172395771277602,77.5000012406731,0,90,1.0,8,2.5580888665065207e-08
9.995,0.009438687428818865,77.50000069135831,0,90,1.0,8,1.4254810500376349e-08
10.0,0.019500507867137046,77.50000038123086,0,90,1.0,8,7.860430144122352e-09
10.005,0.03679496976339974,77.50000020802328,0,90,1.0,8,4.289139801632287e-09
10.01,0.06340728953298436,77.5000001123246,0,90,1.0,8,2.315971121638587e-09
10.015,0.09979255396093453,77.50000006001736,0,90,1.0,8,1.237471266351124e-09
10.02,0.14343835518453557,77.50000003173349,0,90,1.0,8,6.542988098631541e-10
10.025,0.18829581417209276,77.50000001660344,0,90,1.0,8,3.4233890407458886e-10
10.03,0.2257481735193119,77.50000000859642,0,90,1.0,8,1.772456912054697e-10
10.035,0.24718154073554727,77.50000000440428,0,90,1.0,8,9.080999869596425e-11
10.04,0.24718154074102772,77.50000000223291,0,90,1.0,8,4.603936018217619e-11
10.045,0.22574817354072055,77.50000000112023,0,90,1.0,8,2.3097473532879562e-11
10.05,0.18829581422840957,77.50000000055614,0,90,1.0,8,1.1466841222256297e-11
10.055,0.14343835532456656,77.5000000002732,0,90,1.0,8,5.633065606180588e-12
10.06,0.09979255431561854,77.50000000013281,0,90,1.0,8,2.738446353985112e-12
10.065,0.06340729067170194,77.50000000006389,0,90,1.0,8,1.3173608824649115e-12
10.07,0.03679497683410042,77.50000000003041,0,90,1.0,8,6.270356513511812e-13
10.075,0.019500578284482293,77.50000000001432,0,90,1.0,8,2.953513722252293e-13
10.08,0.009439396781978427,77.50000000000668,0,90,1.0,8,1.3771343744628745e-13
10.085,0.004178588733610924,77.50000000000308,0,90,1.0,8,6.358258707626464e-14
10.09,0.0017299316936037381,77.5000000000014,0,90,1.0,8,2.9007724057835016e-14
10.095,0.0008997325756988589,77.50000000000064,0,90,1.0,8,1.3185329117197736e-14
10.1,0.001634769674224814,77.50000000000028,0,90,1.0,8,5.860146274310104e-15
10.105,0.00614904736476635,77.50000000000013,0,90,1.0,8,2.637065823439547e-15
10.11,0.02168080359963608,77.50000000000006,0,90,1.0,8,1.172029254862021e-15
10.115,0.06433400338904088,77.50000000000003,0,90,1.0,8,5.860146274310105e-16
10.12,0.1593410769217493,77.50000000000001,0,90,1.0,8,2.9300731371550523e-16
10.125,0.3291989194808569,77.5,0,90,1.0,8,0.0
10.13,0.5672906802982638,77.5,0,90,1.0,8,0.0
10.135,0.815339152120446,77.5,0,90,1.0,8,0.0
10.14,0.9768711246313155,77.50000284455477,1,90,1.0,8,5.865061384095488e-08
10.145,0.9726380909165361,77.50000580215873,0,90,1.0,8,1.1963213866046006e-07
10.15,0.7921091683291741,77.50001275539046,0,90,1.0,8,2.6299774139467264e-07
10.155,0.49139090102639077,77.50003153289097,0,90,1.0,8,6.501627004562926e-07
10.16,0.15739335672107918,77.50008834514392,0,90,1.0,8,1.8215493592205602e-06
10.165,-0.11102342218909485,77.50026962696381,0,90,1.0,8,5.559318841517676e-06
10.17,-0.2314207883647528,77.50084721852477,0,90,1.0,8,1.746842319109944e-05
10.175,-0.2029124434754801,77.50262352697138,0,90,1.0,8,5.4093339616011907e-05
10.18,-0.11151350554305876,77.5078033638614,0,90,1.0,8,0.00016089410023502665
10.185,-0.039430666652076896,77.52199868923158,0,90,1.0,8,0.00045358122126969516
10.19,-0.006087703519843621,77.55839158559259,0,90,1.0,8,0.0012039502184038775
10.195,0.005350271385530551,77.64544907945715,0,90,1.0,8,0.0029989500919000256
10.2,0.010381647827441833,77.83943363242335,0,90,1.0,8,0.006998631596357746
10.205,0.015115203303506243,78.24149114478274,0,90,1.0,8,0.015288477212015301
10.21,0.021170964062928475,79.01552596208309,0,90,1.0,8,0.03124795798109462
10.215,0.029082821134029553,80.39745622062914,0,90,1.0,8,0.059741365373796665
10.22,0.03923107061708144,82.68089569707755,0,90,1.0,8,0.10682259169232053
10.225,0.051969043308817596,86.16349000922408,0,90,1.0,8,0.1786286599840016
10.23,0.06760532616283861,91.04761566539297,0,90,1.0,8,0.27933228176067976
10.235,0.08636519236693461,97.31105705610833,0,90,1.0,8,0.40847540321872833
10.24,0.10834733138818661,104.59124514857123,0,90,1.0,8,0.558582374197345
10.245,0.1334809643017884,112.14479230420652,0,90,1.0,8,0.714325614519722
10.25,0.16148868344343945,118.93414437414808,0,90,1.0,8,0.8543122551370738
10.255,0.191860907532018,123.84829352749307,0,90,1.0,8,0.9556349180926406
10.26,0.22384764873847726,126.0,0,90,1.0,8,1.0
10.265,0.25647215537198226,124.99217715523251,0,90,1.0,8,0.9792201475305672
10.27,0.2885689161419028,121.04437142658236,0,90,1.0,8,0.8978220912697393
10.275,0.31884566517832524,114.92472257434005,0,90,1.0,8,0.7716437644193825
10.28,0.3459657668955683,107.71690768839707,0,90,1.0,8,0.6230290245030324
10.285,0.3686441789190902,100.51955294559312,0,90,1.0,8,0.4746299576410952
10.29,0.3857476379544367,94.19220054499121,0,90,1.0,8,0.3441690834018806
10.295,0.3963882865005728,89.22431615738736,0,90,1.0,8,0.2417384774719044
10.3,0.4,85.7397757016038,0,90,1.0,8,0.16989228250729493
10.305,0.39638828650057273,83.59551274299349,0,90,1.0,8,0.1256806751132679
10.31,0.38574763795443656,82.51202148824075,0,90,1.0,8,0.10334064924207728
10.315,0.36864417891908974,82.18453997599953,0,90,1.0,8,0.09658845311339231
10.32,0.345965766895568,82.35069195328542,0,90,1.0,8,0.10001426707804989
10.325,0.3188456651783249,82.81534105407329,0,90,1.0,8,0.10959466090872755
10.33,0.28856891614190205,83.44684964319964,0,90,1.0,8,0.12261545656081735
10.335,0.2564721553719815,84.16077579935893,0,90,1.0,8,0.1373355834919367
10.34,0.22384764873847685,84.90235137585982,0,90,1.0,8,0.15262580156412006
10.345,0.19186090753201765,85.6331163605077,0,90,1.0,8,0.1676931208352103
10.35,0.16148868344343878,86.32276772136484,0,90,1.0,8,0.1819127365229864
10.355,0.1334809643017881,86.94520055538263,0,90,1.0,8,0.1947464032037655
10.36,0.10834733138818531,87.47723188509201,0,90,1.0,8,0.2057161213421033
10.365,0.08636519236690572,87.89875236903507,0,90,1.0,8,0.2144072653409292
10.37,0.06760532616242629,88.19347427941852,0,90,1.0,8,0.2204840057612067
10.375,0.05196904332202373,88.34978775287364,0,90,1.0,8,0.22370696397677606
10.38,0.03923107185803287,88.36145639506222,0,90,1.0,8,0.22394755453736537
10.385,0.02908287038705761,88.22801050891252,0,90,1.0,8,0.22119609296726842
10.39,0.02117220077308346,87.95477284458106,0,90,1.0,8,0.21556232669239295
10.395,0.0151361834125735,87.55250483419901,0,90,1.0,8,0.20726814091131984
10.4,0.010626454858290009,87.03670299958162,0,90,1.0,8,0.1966330515377654
10.405,0.007326255555493652,86.42660878786413,0,90,1.0,8,0.18405378944049744
10.41,0.004960179211183015,85.74401975485523,0,90,1.0,8,0.16997978875990166
10.415,0.0032978759379303545,85.01200421327506,0,90,1.0,8,0.15488668480979512
10.42,0.002153242296767213,84.25362432761578,0,90,1.0,8,0.13924998613640788
10.425,0.001380616732225004,83.4907645732292,0,90,1.0,8,0.1235209190356536
10.43,0.0008693106590991584,82.74314518763843,0,90,1.0,8,0.10810608634306047
10.435,0.000537524815942247,82.02757644937837,0,90,1.0,8,0.09335209173976027
10.44,0.0003263951340288585,81.35748261877617,0,90,1.0,8,0.07953572409847783
10.445,0.00019463030985187395,80.74269753063376,0,90,1.0,8,0.0668597428996652
10.45,0.00011397219555062695,80.18951010980362,0,90,1.0,8,0.05545381669698187
10.455,6.55403863487943e-05,79.70091970511072,0,90,1.0,8,0.045379787734241665
10.46,3.701184389455385e-05,79.27704937041982,0,90,1.0,8,0.036640193204532316
10.465,2.0525516217290957e-05,78.91566034163318,0,90,1.0,8,0.029188873023364634
10.47,1.1178128483661116e-05,78.61271236828955,0,90,1.0,8,0.022942523057516498
10.475,5.978135409912517e-06,78.36292100843355,0,90,1.0,8,0.017792185740897845
10.48,3.1396702713238487e-06,78.16027286034101,0,90,1.0,8,0.013613873409092989
10.485,1.6192875458531019e-06,77.99847126514554,0,90,1.0,8,0.01027775804423793
10.49,8.201353897972012e-07,77.87129669790625,0,90,1.0,8,0.0076556020186854794
10.495,4.0791415086824765e-07,77.7728766174986,0,90,1.0,8,0.005626322010280338
10.5,1.9923866938774793e-07,77.69786812413626,0,90,1.0,8,0.004079755136830178
10.505,9.556527981051257e-08,77.64156295752402,0,90,1.0,8,0.0029188238664745575
10.51,4.501406988770349e-08,77.59992811506405,0,90,1.0,8,0.0020603735064751677
10.515,0.0,77.56959692327771,0,90,1.0,8,0.0014349881088188555
10.52,0.0,77.54782518554492,0,90,1.0,8,0.0009860862998953192
10.525,0.0,77.53242556585776,0,90,1.0,8,0.0006685683682013222
10.53,0.0,77.52169115816386,0,90,1.0,8,0.000447240374512603
10.535,0.0,77.51431667597406,0,90,1.0,8,0.0002951891953414032
10.54,0.0,77.50932321990186,0,90,1.0,8,0.00019223133818265347
10.545,0.0,77.5059903739918,0,90,1.0,8,0.000123512865810454
10.55,0.0,77.503797573812,0,90,1.0,8,7.830049096894785e-05
10.555,0.0,77.50237532362256,0,90,1.0,8,4.897574479502613e-05
10.56,0.0,77.50146589758421,0,90,1.0,8,3.02246924579589e-05
10.565,0.0,77.5008925832809,0,90,1.0,8,1.840377898765462e-05
10.57,0.0,77.50053623868786,0,90,1.0,8,1.1056467790873172e-05
10.575,0.0,77.50031785702697,0,90,1.0,8,6.553753133424103e-06
10.58,0.0,77.50018589588124,0,90,1.0,8,3.832904767934976e-06
10.585,0.0,77.50010726844758,0,90,1.0,8,2.211720568632784e-06
10.59,0.0,77.50006107148786,0,90,1.0,8,1.2592059353252255e-06
10.595,0.0,77.5000343059368,0,90,1.0,8,7.073389029596677e-07
10.6,0.001684486749771458,77.50001901359956,0,90,1.0,8,3.920329805206381e-07
10.605,0.004172395771277602,77.50001039737434,0,90,1.0,8,2.143788523562293e-07
10.61,0.009438687428818865,77.50000560979892,0,90,1.0,8,1.1566595708714398e-07
10.615,0.019500507867137046,77.50000298631205,0,90,1.0,8,6.157344442332952e-08
10.62,0.03679496976339974,77.50000156851023,0,90,1.0,8,3.2340417079729975e-08
10.625,0.06340728953298436,77.50000081283763,0,90,1.0,8,1.6759538691554346e-08
10.63,0.09979255396093453,77.5000004156086,0,90,1.0,8,8.569249410863177e-09
10.635,0.14343835518453557,77.50000020966674,0,90,1.0,8,4.323025511448859e-09
10.64,0.18829581417209276,77.50000010436113,0,90,1.0,8,2.151775976186006e-09
10.645,0.2257481735193119,77.50000005125219,0,90,1.0,8,1.0567461132952828e-09
10.65,0.24718154073554727,77.5000000248342,0,90,1.0,8,5.120452240908449e-10
10.655,0.24718154074102772,77.50000001187277,0,90,1.0,8,2.447994064045206e-10
10.66,0.22574817354072055,77.5000000056004,0,90,1.0,8,1.1547213128408461e-10
10.665,0.18829581422840957,77.50000000260646,0,90,1.0,8,5.374135043050196e-11
10.67,0.14343835532456656,77.50000000119687,0,90,1.0,8,2.467766197574728e-11
10.675,0.09979255431561854,77.50000000054226,0,90,1.0,8,1.1180573076756249e-11
10.68,0.06340729067170194,77.5000000002424,0,90,1.0,8,4.997825750045373e-12
10.685,0.03679497683410042,77.50000000010691,0,90,1.0,8,2.204294021081746e-12
10.69,0.019500578284482293,77.50000000004653,0,90,1.0,8,9.593059451045642e-13
10.695,0.009439396781978427,77.50000000001998,0,90,1.0,8,4.1196828308400036e-13
10.7,0.004178588733610924,77.50000000000846,0,90,1.0,8,1.7433935166072562e-13
10.705,0.0017299316936037381,77.50000000000354,0,90,1.0,8,7.295882111516081e-14
10.71,0.0008997325756988589,77.50000000000146,0,90,1.0,8,3.017975331269704e-14
10.715,0.001634769674224814,77.5000000000006,0,90,1.0,8,1.230630717605122e-14
10.72,0.00614904736476635,77.50000000000024,0,90,1.0,8,4.9811243331635886e-15
10.725,0.02168080359963608,77.5000000000001,0,90,1.0,8,2.0510511960085364e-15
10.73,0.06433400338904088,77.50000000000004,0,90,1.0,8,8.790219411465157e-16
10.735,0.1593410769217493,77.50000000000001,0,90,1.0,8,2.9300731371550523e-16
10.74,0.3291989194808569,77.5,0,90,1.0,8,0.0
10.745,0.5672906802982638,77.5,0,90,1.0,8,0.0
10.75,0.815339152120446,77.5,0,90,1.0,8,0.0
10.755,0.9768711246313155,77.50000284154457,1,90,1.0,8,5.8588547859734405e-08
10.76,0.9726380909165361,77.5000053717146,0,90,1.0,8,1.1075700192038508e-07
10.765,0.7921091683291741,77.50001074298208,0,90,1.0,8,2.2150478524466606e-07
10.77,0.49139090102639077,77.50002348679206,0,90,1.0,8,4.842637538073627e-07
10.775,0.15739335672107918,77.50005697009982,0,90,1.0,8,1.1746412333992601e-06
10.78,-0.11102342218909485,77.50015058918197,0,90,1.0,8,3.1049315870189172e-06
10.785,-0.2314207883647528,77.50041701098533,0,90,1.0,8,8.598164645990409e-06
10.79,-0.2029124434754801,77.50116397212096,0,90,1.0,8,2.3999425174501196e-05
10.795,-0.11151350554305876,77.50318753865302,0,90,1.0,8,6.572244645408506e-05
10.8,-0.039430666652076896,77.5084286730719,0,90,1.0,8,0.00017378707364751163
10.805,-0.006087703519843621,77.52133349932207,0,90,1.0,8,0.0004398659654034723
10.81,0.005350271385530551,77.55144481044628,0,90,1.0,8,0.001060717741160502
10.815,0.010381647827441833,77.61790113559184,0,90,1.0,8,0.002430951249316211
10.82,0.015115203303506243,77.75645242828497,0,90,1.0,8,0.005287678933710787
10.825,0.021170964062928475,78.02903573913586,0,90,1.0,8,0.010907953384244619
10.83,0.029082821134029553,78.53459389389398,0,90,1.0,8,0.02133183286379348
10.835,0.03923107061708144,79.41759052329515,0,90,1.0,8,0.03953794893392055
10.84,0.051969043308817596,80.86806634460993,0,90,1.0,8,0.0694446668991738
10.845,0.06760532616283861,83.10540651559467,0,90,1.0,9,0.11557539207411682
10.85,0.08636519236693461,86.3392095926369,0,90,1.0,9,0.18225174417808052
10.855,0.10834733138818661,90.70649228025296,0,90,1.0,9,0.27229880990212285
10.86,0.1334809643017884,96.1949399697833,0,90,1.0,9,0.3854626797893465
10.865,0.16148868344343945,102.57400864906828,0,90,1.0,9,0.5169898690529542
10.87,0.191860907532018,109.36346526476575,0,90,1.0,9,0.656978665252902
10.875,0.22384764873847726,115.86591368470812,0,90,1.0,9,0.7910497666950127
10.88,0.25647215537198226,121.27294452158014,0,90,1.0,9,0.9025349385892814
10.885,0.2885689161419028,124.82763298613727,0,90,1.0,9,0.9758274842502531
10.89,0.31884566517832524,126.0,0,90,1.0,9,1.0
10.895,0.3459657668955683,124.61989252433693,0,90,1.0,9,0.9715441757595243
10.9,0.3686441789190902,120.92169697246845,0,90,1.0,9,0.8952927210818238
10.905,0.3857476379544367,115.48501558588413,0,90,1.0,9,0.7831961976470954
10.91,0.3963882865005728,109.09225998185437,0,90,1.0,9,0.6513868037495746
10.915,0.4,102.5515725266867,0,90,1.0,9,0.5165272685914784
10.92,0.39638828650057273,96.54013006952228,0,90,1.0,9,0.392580001433449
10.925,0.38574763795443656,91.50802050032742,0,90,1.0,9,0.2888251649552045
10.93,0.36864417891908974,87.65583209467765,0,90,1.0,9,0.2093985998902608
10.935,0.345965766895568,84.9730956654149,0,90,1.0,9,0.15408444670958563
10.94,0.3188456651783249,83.30975988570115,0,90,1.0,9,0.11978886362270422
10.945,0.28856891614190205,82.45172028278404,0,90,1.0,9,0.10209732541822758
10.95,0.2564721553719815,82.18025697684484,0,90,1.0,9,0.09650014385247103
10.955,0.22384764873847685,82.30741319769757,0,90,1.0,9,0.09912192160201176
10.96,0.19186090753201765,82.68926270610598,0,90,1.0,9,0.1069951073423913
10.965,0.16148868344343878,83.2241320744651,0,90,1.0,9,0.11802334174154852
10.97,0.1334809643017881,83.8435168279006,0,90,1.0,9,0.13079416140001238
10.975,0.10834733138818531,84.50150236715587,0,90,1.0,9,0.14436087354960547
10.98,0.08636519236690572,85.16587686988788,0,90,1.0,9,0.15805931690490477
10.985,0.06760532616242629,85.81199492104422,0,90,1.0,9,0.1713813385782313
10.99,0.05196904332202373,86.41920641796344,0,90,1.0,9,0.18390116325697808
10.995,0.03923107185803287,86.96917992923366,0,90,1.0,9,0.19524082328316827
11.0,0.02908287038705761,87.44541920646472,0,90,1.0,9,0.20506018982401486
11.005,0.02117220077308346,87.83342707600346,0,90,1.0,9,0.21306035208254556
11.01,0.0151361834125735,88.1211518756908,0,90,1.0,9,0.21899282217919175
11.015,0.010626454858290009,88.29949305211028,0,90,1.0,9,0.22266995983732535
11.02,0.007326255555493652,88.36273532154763,0,90,1.0,9,0.22397392415562128
11.025,0.004960179211183015,88.30883732354,0,90,1.0,9,0.22286262522762895
11.03,0.0032978759379303545,88.13953589889951,0,90,1.0,9,0.2193718742041136
11.035,0.002153242296767213,87.86025153974062,0,90,1.0,9,0.21361343380908487
11.04,0.001380616732225004,87.47979971200948,0,90,1.0,9,0.2057690662269996
11.045,0.0008693106590991584,87.00992868416755,0,90,1.0,9,0.19608100379726903
11.05,0.000537524815942247,86.46471740998916,0,90,1.0,9,0.18483953422658067
11.055,0.0003263951340288585,85.85987641344444,0,90,1.0,9,0.17236858584421524
11.06,0.00019463030985187395,85.21199997402755,0,90,1.0,9,0.15901030874283606
11.065,0.00011397219555062695,84.53781895883367,0,90,1.0,9,0.14510966925430244
11.07,6.55403863487943e-05,83.85350054309895,0,90,1.0,9,0.1310000111979164
11.075,3.701184389455385e-05,83.17403435574212,0,90,1.0,9,0.11699039908746645
11.08,2.0525516217290957e-05,82.51273515971924,0,90,1.0,9,0.10335536411792251
11.085,1.1178128483661116e-05,81.88088111637717,0,90,1.0,9,0.09032744569849831
11.09,5.978135409912517e-06,81.28749514724962,0,90,1.0,9,0.07809268344844567
11.095,3.1396702713238487e-06,80.73926599081013,0,90,1.0,9,0.0667889895012397
11.1,1.6192875458531019e-06,80.24059617216766,0,90,1.0,9,0.05650713757046714
11.105,8.201353897972012e-07,79.79375691779815,0,90,1.0,9,0.047293957068003066
11.11,4.0791415086824765e-07,79.39912541232576,0,90,1.0,9,0.039157224996407405
11.115,1.9923866938774793e-07,79.05547776723587,0,90,1.0,9,0.032071706540945794
11.12,9.556527981051257e-08,78.76031144478318,0,90,1.0,9,0.025985802985220293
11.125,4.501406988770349e-08,78.51017324373844,0,90,1.0,9,0.02082831430388527
11.13,0.0,78.30097276926729,0,90,1.0,9,0.016514902459119376
11.135,0.0,78.12826599064017,0,90,1.0,9,0.01295393795134378
11.14,0.0,77.98749847302761,0,90,1.0,9,0.010051514907785854
11.145,0.0,77.87420266617133,0,90,1.0,9,0.007715518890130479
11.15,0.0,77.78414786970576,0,90,1.0,9,0.005858718963005411
11.155,0.0,77.71344492859065,0,90,1.0,9,0.004400926362693753
11.16,0.0,77.6586102266577,0,90,1.0,9,0.0032703139517051565
11.165,0.0,77.61659513782196,0,90,1.0,9,0.0024040234602466038
11.17,0.0,77.58478784625699,0,90,1.0,9,0.0017482030156079722
11.175,0.0,77.56099450010981,0,90,1.0,9,0.001257618558965237
11.18,0.0,77.54340618910628,0,90,1.0,9,0.000894972971263469
11.185,0.0,77.53055741054968,0,90,1.0,9,0.0006300497020551748
11.19,0.0,77.521280672553,0,90,1.0,9,0.0004387767536701931
11.195,0.0,77.51466081314214,0,90,1.0,9,0.0003022848070544963
11.2,0.0,77.50999159166291,0,90,1.0,9,0.0002060121992352594
11.205,0.0,77.5067362035906,0,90,1.0,9,0.00013889079568259346
11.21,0.0,77.50449261953548,0,90,1.0,9,9.263133062852165e-05
11.215,0.0,77.50296406680117,0,90,1.0,9,6.11147794055557e-05
11.22,0.0,77.50193455126167,0,90,1.0,9,3.988765487978404e-05
11.225,0.0,77.5012490401714,0,90,1.0,9,2.5753405595913737e-05
11.23,0.0,77.50079776775692,0,90,1.0,9,1.644881973034083e-05
11.235,0.0,77.50050405794217,0,90,1.0,9,1.0392947261154929e-05
11.24,0.0,77.50031505643443,0,90,1.0,9,6.496008957339617e-06
11.245,0.0,77.5001948050246,0,90,1.0,9,4.016598445477752e-06
11.25,0.0,77.5001191559859,0,90,1.0,9,2.456824451536301e-06
11.255,0.0,77.5000721000363,0,90,1.0,9,1.4865986867166095e-06
11.26,0.0,77.50004315777153,0,90,1.0,9,8.898509593601591e-07
11.265,0.0,77.5000255556216,0,90,1.0,9,5.269200330859189e-07
11.27,0.0,77.50001496986195,0,90,1.0,9,3.086569474418735e-07
11.275,0.0,77.50000867467178,0,90,1.0,9,1.788592118673384e-07
11.28,0.0,77.5000049726995,0,90,1.0,9,1.0252988660148421e-07
11.285,0.001684486749771458,77.50000281991028,0,90,1.0,9,5.8142479971494826e-08
11.29,0.004172395771277602,77.50000158191183,0,90,1.0,9,3.261673879895864e-08
11.295,0.009438687428818865,77.50000087787598,0,90,1.0,9,1.810053559499475e-08
11.3,0.019500507867137046,77.50000048193445,0,90,1.0,9,9.936792776926202e-09
11.305,0.03679496976339974,77.50000026172589,0,90,1.0,9,5.3964100450534765e-09
11.31,0.06340728953298436,77.50000014060777,0,90,1.0,9,2.899129220768185e-09
11.315,0.09979255396093453,77.5000000747267,0,90,1.0,9,1.540756690617142e-09
11.32,0.14343835518453557,77.50000003928676,0,90,1.0,9,8.100362992053372e-10
11.325,0.18829581417209276,77.50000002043245,0,90,1.0,9,4.212876737040357e-10
11.33,0.2257481735193119,77.50000001051232,0,90,1.0,9,2.1674893724059412e-10
11.335,0.24718154073554727,77.50000000535033,0,90,1.0,9,1.1031608158463286e-10
11.34,0.24718154074102772,77.50000000269381,0,90,1.0,9,5.5542466387911174e-11
11.345,0.22574817354072055,77.5000000013417,0,90,1.0,9,2.766399251713571e-11
11.35,0.18829581422840957,77.50000000066107,0,90,1.0,9,1.3630407226731589e-11
11.355,0.14343835532456656,77.50000000032222,0,90,1.0,9,6.643647831185366e-12
11.36,0.09979255431561854,77.50000000015537,0,90,1.0,9,3.2034489608516187e-12
11.365,0.06340729067170194,77.50000000007411,0,90,1.0,9,1.5280331410263597e-12
11.37,0.03679497683410042,77.50000000003497,0,90,1.0,9,7.210909990538583e-13
11.375,0.019500578284482293,77.50000000001633,0,90,1.0,9,3.3666540345911553e-13
11.38,0.009439396781978427,77.50000000000753,0,90,1.0,9,1.5529387626921778e-13
11.385,0.004178588733610924,77.50000000000344,0,90,1.0,9,7.090776991915227e-14
11.39,0.0017299316936037381,77.50000000000155,0,90,1.0,9,3.193779719499007e-14
11.395,0.0008997325756988589,77.5000000000007,0,90,1.0,9,1.4357358372059756e-14
11.4,0.001634769674224814,77.50000000000031,0,90,1.0,9,6.446160901741115e-15
11.405,0.00614904736476635,77.50000000000013,0,90,1.0,9,2.637065823439547e-15
11.41,0.02168080359963608,77.50000000000006,0,90,1.0,9,1.172029254862021e-15
11.415,0.06433400338904088,77.50000000000003,0,90,1.0,9,5.860146274310105e-16
11.42,0.1593410769217493,77.50000000000001,0,90,1.0,9,2.9300731371550523e-16
11.425,0.3291989194808569,77.5,0,90,1.0,9,0.0
11.43,0.5672906802982638,77.5,0,90,1.0,9,0.0
11.435,0.815339152120446,77.5,0,90,1.0,9,0.0
11.44,0.9768711246313155,77.5,1,90,1.0,9,0.0
11.445,0.9726380909165361,77.5,0,90,1.0,9,0.0
11.45,0.7921091683291741,77.5,0,90,1.0,9,0.0
11.455,0.49139090102639077,77.5,0,90,1.0,9,0.0
11.46,0.15739335672107918,77.5,0,90,1.0,9,0.0
11.465,-0.11102342218909485,77.5,0,90,1.0,9,0.0
11.47,-0.2314207883647528,77.5,0,90,1.0,9,0.0
11.475,-0.2029124434754801,77.5,0,90,1.0,9,0.0
11.48,-0.11151350554305876,77.5,0,90,1.0,9,0.0
11.485,-0.039430666652076896,77.5,0,90,1.0,9,0.0
11.49,-0.006087703519843621,77.5,0,90,1.0,9,0.0
11.495,0.005350271385530551,77.5,0,90,1.0,9,0.0
11.5,0.010381647827441833,77.5,0,90,1.0,9,0.0
11.505,0.015115203303506243,77.5,0,90,1.0,9,0.0
11.51,0.021170964062928475,77.5,0,90,1.0,9,0.0
11.515,0.029082821134029553,77.5,0,90,1.0,9,0.0
11.52,0.03923107061708144,77.5,0,90,1.0,9,0.0
11.525,0.051969043308817596,77.5,0,90,1.0,9,0.0
11.53,0.06760532616283861,77.5,0,90,1.0,9,0.0
11.535,0.08636519236693461,77.5,0,90,1.0,9,0.0
11.54,0.10834733138818661,77.5,0,90,1.0,9,0.0
11.545,0.1334809643017884,77.5,0,90,1.0,9,0.0
11.55,0.16148868344343945,77.5,0,90,1.0,9,0.0
11.555,0.191860907532018,77.5,0,90,1.0,9,0.0
11.56,0.22384764873847726,77.5,0,90,1.0,9,0.0
11.565,0.25647215537198226,77.5,0,90,1.0,9,0.0
11.57,0.2885689161419028,77.5,0,90,1.0,9,0.0
11.575,0.31884566517832524,77.5,0,90,1.0,9,0.0
11.58,0.3459657668955683,77.5,0,90,1.0,9,0.0
11.585,0.3686441789190902,77.5,0,90,1.0,9,0.0
11.59,0.3857476379544367,77.5,0,90,1.0,9,0.0
11.595,0.3963882865005728,77.5,0,90,1.0,9,0.0
11.6,0.4,77.5,0,90,1.0,9,0.0
11.605,0.39638828650057273,77.5,0,90,1.0,9,0.0
11.61,0.38574763795443656,77.5,0,90,1.0,9,0.0
11.615,0.36864417891908974,77.5,0,90,1.0,9,0.0
11.62,0.345965766895568,77.5,0,90,1.0,9,0.0
11.625,0.3188456651783249,77.5,0,90,1.0,9,0.0
11.63,0.28856891614190205,77.5,0,90,1.0,9,0.0
11.635,0.2564721553719815,77.5,0,90,1.0,9,0.0
11.64,0.22384764873847685,77.5,0,90,1.0,9,0.0
11.645,0.19186090753201765,77.5,0,90,1.0,9,0.0
11.65,0.16148868344343878,77.5,0,90,1.0,9,0.0
11.655,0.1334809643017881,77.5,0,90,1.0,9,0.0
11.66,0.10834733138818531,77.5,0,90,1.0,9,0.0
11.665,0.08636519236690572,77.5,0,90,1.0,9,0.0
11.67,0.06760532616242629,77.5,0,90,1.0,9,0.0
11.675,0.05196904332202373,77.5,0,90,1.0,9,0.0
11.68,0.03923107185803287,77.5,0,90,1.0,9,0.0
11.685,0.02908287038705761,77.5,0,90,1.0,9,0.0
11.69,0.02117220077308346,77.5,0,90,1.0,9,0.0
11.695,0.0151361834125735,77.5,0,90,1.0,9,0.0
11.7,0.010626454858290009,77.5,0,90,1.0,9,0.0
11.705,0.007326255555493652,77.5,0,90,1.0,9,0.0
11.71,0.004960179211183015,77.5,0,90,1.0,9,0.0
11.715,0.0032978759379303545,77.5,0,90,1.0,9,0.0
11.72,0.002153242296767213,77.5,0,90,1.0,9,0.0
11.725,0.001380616732225004,77.5,0,90,1.0,9,0.0
11.73,0.0008693106590991584,77.5,0,90,1.0,9,0.0
11.735,0.000537524815942247,77.5,0,90,1.0,9,0.0
11.74,0.0003263951340288585,77.5,0,90,1.0,9,0.0
11.745,0.00019463030985187395,77.5,0,90,1.0,9,0.0
11.75,0.00011397219555062695,77.5,0,90,1.0,9,0.0
11.755,6.55403863487943e-05,77.5,0,90,1.0,9,0.0
11.76,3.701184389455385e-05,77.5,0,90,1.0,9,0.0
11.765,2.0525516217290957e-05,77.5,0,90,1.0,9,0.0
11.77,1.1178128483661116e-05,77.5,0,90,1.0,9,0.0
11.775,5.978135409912517e-06,77.5,0,90,1.0,9,0.0
11.78,3.1396702713238487e-06,77.5,0,90,1.0,9,0.0
11.785,1.6192875458531019e-06,77.5,0,90,1.0,9,0.0
11.79,8.201353897972012e-07,77.5,0,90,1.0,9,0.0
11.795,4.0791415086824765e-07,77.5,0,90,1.0,9,0.0
11.8,1.9923866938774793e-07,77.5,0,90,1.0,9,0.0
11.805,9.556527981051257e-08,77.5,0,90,1.0,9,0.0
11.81,4.501406988770349e-08,77.5,0,90,1.0,9,0.0
11.815,0.0,77.5,0,90,1.0,9,0.0
11.82,0.0,77.5,0,90,1.0,9,0.0
11.825,0.0,77.5,0,90,1.0,9,0.0
11.83,0.0,77.5,0,90,1.0,9,0.0
11.835,0.0,77.5,0,90,1.0,9,0.0
11.84,0.0,77.5,0,90,1.0,9,0.0
11.845,0.0,77.5,0,90,1.0,9,0.0
11.85,0.0,77.5,0,90,1.0,9,0.0
11.855,0.0,77.5,0,90,1.0,9,0.0
11.86,0.0,77.5,0,90,1.0,9,0.0
11.865,0.0,77.5,0,90,1.0,9,0.0
11.87,0.0,77.5,0,90,1.0,9,0.0
11.875,0.0,77.5,0,90,1.0,9,0.0
11.88,0.0,77.5,0,90,1.0,9,0.0
11.885,0.0,77.5,0,90,1.0,9,0.0
11.89,0.0,77.5,0,90,1.0,9,0.0
11.895,0.0,77.5,0,90,1.0,9,0.0
11.9,0.0,77.5,0,90,1.0,9,0.0
11.905,0.0,77.5,0,90,1.0,9,0.0
11.91,0.0,77.5,0,90,1.0,9,0.0
11.915,0.0,77.5,0,90,1.0,9,0.0
11.92,0.0,77.5,0,90,1.0,9,0.0
11.925,0.0,77.5,0,90,1.0,9,0.0
11.93,0.0,77.5,0,90,1.0,9,0.0
11.935,0.0,77.5,0,90,1.0,9,0.0
11.94,0.0,77.5,0,90,1.0,9,0.0
11.945,0.0,77.5,0,90,1.0,9,0.0
11.95,0.0,77.5,0,90,1.0,9,0.0
11.955,0.0,77.5,0,90,1.0,9,0.0
11.96,0.0,77.5,0,90,1.0,9,0.0
11.965,0.0,77.5,0,90,1.0,9,0.0
11.97,0.0,77.5,0,90,1.0,9,0.0
11.975,0.0,77.5,0,90,1.0,9,0.0
11.98,0.0,77.5,0,90,1.0,9,0.0
11.985,0.0,77.5,0,90,1.0,9,0.0
11.99,0.0,77.5,0,90,1.0,9,0.0
11.995,0.0,77.5,0,90,1.0,9,0.0
