Time,ECG,Pressure,R_Peaks,mean_hr,hrv_scale,Phase_Bin,Normalized_Pressure
0.0,0.001684486749771458,77.5,0,90,1.0,0,0.0
0.005,0.004172395771277602,77.5,0,90,1.0,0,0.0
0.01,0.009438687428818865,77.5,0,90,1.0,0,0.0
0.015,0.019500507867137046,77.5,0,90,1.0,0,0.0
0.02,0.03679496976339974,77.5,0,90,1.0,0,0.0
0.025,0.06340728953298436,77.5,0,90,1.0,0,0.0
0.03,0.09979255396093453,77.5,0,90,1.0,0,0.0
0.035,0.14343835518453557,77.5,0,90,1.0,0,0.0
0.04,0.18829581417209276,77.5,0,90,1.0,0,0.0
0.045,0.2257481735193119,77.5,0,90,1.0,0,0.0
0.05,0.24718154073554727,77.5,0,90,1.0,0,0.0
0.055,0.24718154074102772,77.5,0,90,1.0,0,0.0
0.06,0.22574817354072055,77.5,0,90,1.0,0,0.0
0.065,0.18829581422840957,77.5,0,90,1.0,0,0.0
0.07,0.14343835532456656,77.5,0,90,1.0,0,0.0
0.075,0.09979255431561854,77.5,0,90,1.0,0,0.0
0.08,0.06340729067170194,77.5,0,90,1.0,0,0.0
0.085,0.03679497683410042,77.5,0,90,1.0,0,0.0
0.09,0.019500578284482293,77.5,0,90,1.0,0,0.0
0.095,0.009439396781978427,77.5,0,90,1.0,0,0.0
0.1,0.004178588733610924,77.5,0,90,1.0,0,0.0
0.105,0.0017299316936037381,77.5,0,90,1.0,0,0.0
0.11,0.0008997325756988589,77.5,0,90,1.0,0,0.0
0.115,0.001634769674224814,77.5,0,90,1.0,0,0.0
0.12,0.00614904736476635,77.5,0,90,1.0,0,0.0
0.125,0.02168080359963608,77.5,0,90,1.0,0,0.0
0.13,0.06433400338904088,77.5,0,90,1.0,0,0.0
0.135,0.1593410769217493,77.5,0,90,1.0,0,0.0
0.14,0.3291989194808569,77.5,0,90,1.0,0,0.0
0.145,0.5672906802982638,77.5,0,90,1.0,0,0.0
0.15,0.815339152120446,77.5,0,90,1.0,0,0.0
0.155,0.9768711246313155,77.5,0,90,1.0,0,0.0
0.16,0.9726380909165361,77.5,0,90,1.0,0,0.0
0.165,0.7921091683291741,77.5,0,90,1.0,0,0.0
0.17,0.49139090102639077,77.5,0,90,1.0,0,0.0
0.175,0.15739335672107918,77.5,0,90,1.0,0,0.0
0.18,-0.11102342218909485,77.5,0,90,1.0,0,0.0
0.185,-0.2314207883647528,77.5,0,90,1.0,0,0.0
0.19,-0.2029124434754801,77.5,0,90,1.0,0,0.0
0.195,-0.11151350554305876,77.5,0,90,1.0,0,0.0
0.2,-0.039430666652076896,77.5,0,90,1.0,0,0.0
0.205,-0.006087703519843621,77.5,0,90,1.0,0,0.0
0.21,0.005350271385530551,77.5,0,90,1.0,0,0.0
0.215,0.010381647827441833,77.5,0,90,1.0,0,0.0
0.22,0.015115203303506243,77.5,0,90,1.0,0,0.0
0.225,0.021170964062928475,77.5,0,90,1.0,0,0.0
0.23,0.029082821134029553,77.5,0,90,1.0,0,0.0
0.235,0.03923107061708144,77.5,0,90,1.0,0,0.0
0.24,0.051969043308817596,77.5,0,90,1.0,0,0.0
0.245,0.06760532616283861,77.5,0,90,1.0,0,0.0
0.25,0.08636519236693461,77.5,0,90,1.0,0,0.0
0.255,0.10834733138818661,77.5,0,90,1.0,0,0.0
0.26,0.1334809643017884,77.5,0,90,1.0,0,0.0
0.265,0.16148868344343945,77.5,0,90,1.0,0,0.0
0.27,0.191860907532018,77.5,0,90,1.0,0,0.0
0.275,0.22384764873847726,77.5,0,90,1.0,0,0.0
0.28,0.25647215537198226,77.5,0,90,1.0,0,0.0
0.285,0.2885689161419028,77.5,0,90,1.0,0,0.0
0.29,0.31884566517832524,77.5,0,90,1.0,0,0.0
0.295,0.3459657668955683,77.5,0,90,1.0,0,0.0
0.3,0.3686441789190902,77.5,0,90,1.0,0,0.0
0.305,0.3857476379544367,77.5,0,90,1.0,0,0.0
0.31,0.3963882865005728,77.5,0,90,1.0,0,0.0
0.315,0.4,77.5,0,90,1.0,0,0.0
0.32,0.39638828650057273,77.5,0,90,1.0,0,0.0
0.325,0.38574763795443656,77.5,0,90,1.0,0,0.0
0.33,0.36864417891908974,77.5,0,90,1.0,0,0.0
0.335,0.345965766895568,77.5,0,90,1.0,0,0.0
0.34,0.3188456651783249,77.5,0,90,1.0,0,0.0
0.345,0.28856891614190205,77.5,0,90,1.0,0,0.0
0.35,0.2564721553719815,77.5,0,90,1.0,0,0.0
0.355,0.22384764873847685,77.5,0,90,1.0,0,0.0
0.36,0.19186090753201765,77.5,0,90,1.0,0,0.0
0.365,0.16148868344343878,77.5,0,90,1.0,0,0.0
0.37,0.1334809643017881,77.5,0,90,1.0,0,0.0
0.375,0.10834733138818531,77.5,0,90,1.0,0,0.0
0.38,0.08636519236690572,77.5,0,90,1.0,0,0.0
0.385,0.06760532616242629,77.5,0,90,1.0,0,0.0
0.39,0.05196904332202373,77.5,0,90,1.0,0,0.0
0.395,0.03923107185803287,77.5,0,90,1.0,0,0.0
0.4,0.02908287038705761,77.5,0,90,1.0,0,0.0
0.405,0.02117220077308346,77.5,0,90,1.0,0,0.0
0.41,0.0151361834125735,77.5,0,90,1.0,0,0.0
0.415,0.010626454858290009,77.5,0,90,1.0,0,0.0
0.42,0.007326255555493652,77.5,0,90,1.0,0,0.0
0.425,0.004960179211183015,77.5,0,90,1.0,0,0.0
0.43,0.0032978759379303545,77.5,0,90,1.0,0,0.0
0.435,0.002153242296767213,77.5,0,90,1.0,0,0.0
0.44,0.001380616732225004,77.5,0,90,1.0,0,0.0
0.445,0.0008693106590991584,77.5,0,90,1.0,0,0.0
0.45,0.000537524815942247,77.5,0,90,1.0,0,0.0
0.455,0.0003263951340288585,77.5,0,90,1.0,0,0.0
0.46,0.00019463030985187395,77.5,0,90,1.0,0,0.0
0.465,0.00011397219555062695,77.5,0,90,1.0,0,0.0
0.47,6.55403863487943e-05,77.5,0,90,1.0,0,0.0
0.475,3.701184389455385e-05,77.5,0,90,1.0,0,0.0
0.48,2.0525516217290957e-05,77.5,0,90,1.0,0,0.0
0.485,1.1178128483661116e-05,77.5,0,90,1.0,0,0.0
0.49,5.978135409912517e-06,77.5,0,90,1.0,0,0.0
0.495,3.1396702713238487e-06,77.5,0,90,1.0,0,0.0
0.5,1.6192875458531019e-06,77.5,0,90,1.0,0,0.0
0.505,8.201353897972012e-07,77.5,0,90,1.0,0,0.0
0.51,4.0791415086824765e-07,77.5,0,90,1.0,0,0.0
0.515,1.9923866938774793e-07,77.5,0,90,1.0,0,0.0
0.52,9.556527981051257e-08,77.5,0,90,1.0,0,0.0
0.525,4.501406988770349e-08,77.5,0,90,1.0,0,0.0
0.53,0.0,77.5,0,90,1.0,0,0.0
0.535,0.0,77.5,0,90,1.0,0,0.0
0.54,0.0,77.5,0,90,1.0,0,0.0
0.545,0.0,77.5,0,90,1.0,0,0.0
0.55,0.0,77.5,0,90,1.0,0,0.0
0.555,0.0,77.5,0,90,1.0,0,0.0
0.56,0.0,77.5,0,90,1.0,0,0.0
0.565,0.0,77.5,0,90,1.0,0,0.0
0.57,0.0,77.5,0,90,1.0,0,0.0
0.575,0.0,77.5,0,90,1.0,0,0.0
0.58,0.0,77.5,0,90,1.0,0,0.0
0.585,0.0,77.5,0,90,1.0,0,0.0
0.59,0.0,77.5,0,90,1.0,0,0.0
0.595,0.0,77.5,0,90,1.0,0,0.0
0.6,0.0,77.5,0,90,1.0,0,0.0
0.605,0.0,77.5,0,90,1.0,0,0.0
0.61,0.0,77.5,0,90,1.0,0,0.0
0.615,0.0,77.5,0,90,1.0,0,0.0
0.62,0.0,77.5,0,90,1.0,0,0.0
0.625,0.0,77.5,0,90,1.0,0,0.0
0.63,0.0,77.5,0,90,1.0,0,0.0
0.635,0.0,77.5,0,90,1.0,0,0.0
0.64,0.0,77.5,0,90,1.0,0,0.0
0.645,0.0,77.5,0,90,1.0,0,0.0
0.65,0.0,77.5,0,90,1.0,0,0.0
0.655,0.0,77.5,0,90,1.0,0,0.0
0.66,0.0,77.5,0,90,1.0,0,0.0
0.665,0.0,77.5,0,90,1.0,0,0.0
0.67,0.0,77.5,0,90,1.0,0,0.0
0.675,0.0,77.5,0,90,1.0,0,0.0
0.68,0.0,77.5,0,90,1.0,0,0.0
0.685,0.0,77.5,0,90,1.0,0,0.0
0.69,0.0,77.5,0,90,1.0,0,0.0
0.695,0.0,77.5,0,90,1.0,0,0.0
0.7,0.0,77.5,0,90,1.0,0,0.0
0.705,0.001684486749771458,77.5,0,90,1.0,0,0.0
0.71,0.004172395771277602,77.5,0,90,1.0,0,0.0
0.715,0.009438687428818865,77.5,0,90,1.0,0,0.0
0.72,0.019500507867137046,77.5,0,90,1.0,0,0.0
0.725,0.03679496976339974,77.5,0,90,1.0,0,0.0
0.73,0.06340728953298436,77.5,0,90,1.0,0,0.0
0.735,0.09979255396093453,77.5,0,90,1.0,0,0.0
0.74,0.14343835518453557,77.5,0,90,1.0,0,0.0
0.745,0.18829581417209276,77.5,0,90,1.0,0,0.0
0.75,0.2257481735193119,77.5,0,90,1.0,0,0.0
0.755,0.24718154073554727,77.5,0,90,1.0,0,0.0
0.76,0.24718154074102772,77.5,0,90,1.0,0,0.0
0.765,0.22574817354072055,77.5,0,90,1.0,0,0.0
0.77,0.18829581422840957,77.5,0,90,1.0,0,0.0
0.775,0.14343835532456656,77.5,0,90,1.0,0,0.0
0.78,0.09979255431561854,77.5,0,90,1.0,0,0.0
0.785,0.06340729067170194,77.5,0,90,1.0,0,0.0
0.79,0.03679497683410042,77.5,0,90,1.0,0,0.0
0.795,0.019500578284482293,77.5,0,90,1.0,0,0.0
0.8,0.009439396781978427,77.5,0,90,1.0,0,0.0
0.805,0.004178588733610924,77.5,0,90,1.0,0,0.0
0.81,0.0017299316936037381,77.5,0,90,1.0,0,0.0
0.815,0.0008997325756988589,77.5,0,90,1.0,0,0.0
0.82,0.001634769674224814,77.5,0,90,1.0,0,0.0
0.825,0.00614904736476635,77.5,0,90,1.0,0,0.0
0.83,0.02168080359963608,77.5,0,90,1.0,0,0.0
0.835,0.06433400338904088,77.5,0,90,1.0,0,0.0
0.84,0.1593410769217493,77.5,0,90,1.0,0,0.0
0.845,0.3291989194808569,77.5,0,90,1.0,0,0.0
0.85,0.5672906802982638,77.5,0,90,1.0,0,0.0
0.855,0.815339152120446,77.5,0,90,1.0,0,0.0
0.86,0.9768711246313155,77.50000284146185,1,90,1.0,0,5.858684226416127e-08
0.865,0.9726380909165361,77.50000566108393,0,90,1.0,0,1.1672338004733394e-07
0.87,0.7921091683291741,77.50001208193964,0,90,1.0,0,2.49112157614514e-07
0.875,0.49139090102639077,77.50002873397177,0,90,1.0,0,5.924530262760039e-07
0.88,0.15739335672107918,77.50007697165655,0,90,1.0,0,1.5870444650369519e-06
0.885,-0.11102342218909485,77.5002248661891,0,90,1.0,0,4.636416270107747e-06
0.89,-0.2314207883647528,77.50068051525129,0,90,1.0,0,1.4031242294631925e-05
0.895,-0.2029124434754801,77.50204432602273,0,90,1.0,0,4.215105201498454e-05
0.9,-0.11151350554305876,77.50593777613041,0,90,1.0,0,0.00012242837382286874
0.905,-0.039430666652076896,77.5164399231014,0,90,1.0,0,0.00033896748662683775
0.91,-0.006087703519843621,77.5430754284251,0,90,1.0,0,0.0008881531634040833
0.915,0.005350271385530551,77.60641853580098,0,90,1.0,0,0.0021941966144532724
0.92,0.010381647827441833,77.74742477142738,0,90,1.0,0,0.005101541678914966
0.925,0.015115203303506243,78.0408498094408,0,90,1.0,0,0.011151542462696914
0.93,0.021170964062928475,78.61092688858213,0,90,1.0,0,0.022905709042930475
0.935,0.029082821134029553,79.6435860439409,0,90,1.0,0,0.04419765039053402
0.94,0.03923107061708144,81.38481376725014,0,90,1.0,0,0.08009925293299251
0.945,0.051969043308817596,84.11198300521768,0,90,1.0,0,0.13632954649933363
0.95,0.06760532616283861,88.06822919931167,0,90,1.0,0,0.21790163297549842
0.955,0.08636519236693461,93.3624433467146,0,90,1.0,0,0.3270606875611258
0.96,0.10834733138818661,99.85796314992469,0,90,1.0,0,0.4609889309262822
0.965,0.1334809643017884,107.09329543873122,0,90,1.0,0,0.6101710399738396
0.97,0.16148868344343945,114.28467844096284,0,90,1.0,0,0.7584469781641822
0.975,0.191860907532018,120.44171590167264,0,90,1.0,0,0.8853962041581988
0.98,0.22384764873847726,124.58441298286456,0,90,1.0,0,0.9708126388219498
0.985,0.25647215537198226,126.0,0,90,1.0,0,1.0
0.99,0.2885689161419028,124.44805851086043,0,90,1.0,0,0.9680012064094935
0.995,0.31884566517832524,120.23336770229193,0,90,1.0,0,0.8811003649957099
1.0,0.3459657668955683,114.1166790767293,0,90,1.0,0,0.7549830737469958
1.005,0.3686441789190902,107.09975419133913,0,90,1.0,0,0.6103042101307037
1.01,0.3857476379544367,100.16845034237797,0,90,1.0,0,0.46739072870882403
1.015,0.3963882865005728,94.08390247082684,0,90,1.0,0,0.34193613341911017
1.02,0.4,89.27867445647695,0,90,1.0,0,0.2428592671438546
1.025,0.39638828650057273,85.864344835223,0,90,1.0,0,0.1724607182520205
1.03,0.38574763795443656,83.71609774519702,0,90,1.0,0,0.1281669638184952
1.035,0.36864417891908974,82.5841699556867,0,90,1.0,0,0.10482824650900421
1.04,0.345965766895568,82.19056841459238,0,90,1.0,0,0.09671275081633768
1.045,0.3188456651783249,82.29034138789683,0,90,1.0,0,0.098769925523646
1.05,0.28856891614190205,82.69662523703138,0,90,1.0,0,0.10714691210373987
1.055,0.2564721553719815,83.28017122082787,0,90,1.0,0,0.11917878805830655
1.06,0.22384764873847685,83.95647708211006,0,90,1.0,0,0.1331232388063929
1.065,0.19186090753201765,84.67048907652408,0,90,1.0,0,0.1478451355984346
1.07,0.16148868344343878,85.38412783726835,0,90,1.0,0,0.16255933685089385
1.075,0.1334809643017881,86.06814495598806,0,90,1.0,0,0.17666278259769197
1.08,0.10834733138818531,86.69778161152293,0,90,1.0,0,0.1896449816808851
1.085,0.08636519236690572,87.25104168924796,0,90,1.0,0,0.20105240596387536
1.09,0.06760532616242629,87.70847176089451,0,90,1.0,0,0.21048395383287652
1.095,0.05196904332202373,88.05365884673252,0,90,1.0,0,0.21760121333469107
1.1,0.03923107185803287,88.27395822955663,0,90,1.0,0,0.2221434686506521
1.105,0.02908287038705761,88.36117218288662,0,90,1.0,0,0.22394169449250761
1.11,0.02117220077308346,88.31202622987558,0,90,1.0,0,0.22292837587372338
1.115,0.0151361834125735,88.12836388999429,0,90,1.0,0,0.2191415235050369
1.12,0.010626454858290009,87.81702923229327,0,90,1.0,0,0.2127222522122323
1.125,0.007326255555493652,87.38944286440807,0,90,1.0,0,0.20390603844140345
1.13,0.004960179211183015,86.86090652517962,0,90,1.0,0,0.1930083819624663
1.135,0.0032978759379303545,86.24969489964558,0,90,1.0,0,0.18040608040506342
1.14,0.002153242296767213,85.57600963817242,0,90,1.0,0,0.16651566264273035
1.145,0.001380616732225004,84.86087877929835,0,90,1.0,0,0.15177069648037828
1.15,0.0008693106590991584,84.1250844861679,0,90,1.0,0,0.13659968012717333
1.155,0.000537524815942247,83.38819378194358,0,90,1.0,0,0.12140605735966155
1.16,0.0003263951340288585,82.66775226181372,0,90,1.0,0,0.10655159302708696
1.165,0.00019463030985187395,81.97868166934622,0,90,1.0,0,0.0923439519452828
1.17,0.00011397219555062695,81.33290118404989,0,90,1.0,0,0.07902889039278119
1.175,6.55403863487943e-05,80.73917169351294,0,90,1.0,0,0.066787045227071
1.18,3.701184389455385e-05,80.20314431499443,0,90,1.0,0,0.05573493432978211
1.185,2.0525516217290957e-05,79.72758053473622,0,90,1.0,0,0.04592949556157153
1.19,1.1178128483661116e-05,79.31270241863277,0,90,1.0,0,0.03737530760067562
1.195,5.978135409912517e-06,78.95662759204296,0,90,1.0,0,0.030033558598823985
1.2,3.1396702713238487e-06,78.6558446534466,0,90,1.0,0,0.02383184852467202
1.205,1.6192875458531019e-06,78.40568947884991,0,90,1.0,1,0.018674009873193977
1.21,8.201353897972012e-07,78.20079032117712,0,90,1.0,1,0.014449284972724198
1.215,4.0791415086824765e-07,78.03545846105052,0,90,1.0,1,0.011040380640216993
1.22,1.9923866938774793e-07,77.90401025968183,0,90,1.0,1,0.008330108447047955
1.225,9.556527981051257e-08,77.80101484957184,0,90,1.0,1,0.006206491743749331
1.23,4.501406988770349e-08,77.72146870454772,0,90,1.0,1,0.004566365042220984
1.235,0.0,77.66090358782964,0,90,1.0,1,0.0033175997490646754
1.24,0.0,77.61543779137935,0,90,1.0,1,0.0023801606469968993
1.245,0.0,77.58178227885897,0,90,1.0,1,0.001686232553793126
1.25,0.0,77.55721360654816,0,90,1.0,1,0.0011796619906837135
1.255,0.0,77.539524679794,0,90,1.0,1,0.0008149418514226595
1.26,0.0,77.5269628821488,0,90,1.0,1,0.0005559357144081271
1.265,0.0,77.51816323428235,0,90,1.0,1,0.0003744996759248408
1.27,0.0,77.51208228217608,0,90,1.0,1,0.0002491192201253834
1.275,0.0,77.50793658518138,0,90,1.0,1,0.00016364093157491326
1.28,0.0,77.5051481039483,0,90,1.0,1,0.00010614647316084095
1.285,0.0,77.50329753832021,0,90,1.0,1,6.799048082910107e-05
1.29,0.0,77.50208574548876,0,90,1.0,1,4.300506162383865e-05
1.295,0.0,77.50130275183275,0,90,1.0,1,2.686086253099591e-05
1.3,0.0,77.50080350945366,0,90,1.0,1,1.6567205230122108e-05
1.305,0.0,77.50048938336957,0,90,1.0,1,1.0090378753998781e-05
1.31,0.0,77.5002943312271,0,90,1.0,1,6.068685094758096e-06
1.315,0.0,77.50017480441339,0,90,1.0,1,3.6042147090816777e-06
1.32,0.0,77.50010251734817,0,90,1.0,1,2.1137597560393317e-06
1.325,0.0,77.50005937057459,0,90,1.0,1,1.2241355585553447e-06
1.33,0.0,77.50003395267987,0,90,1.0,1,7.000552550755284e-07
1.335,0.0,77.50001917369362,0,90,1.0,1,3.9533388898816314e-07
1.34,0.001684486749771458,77.50001069218405,0,90,1.0,1,2.204574030591025e-07
1.345,0.004172395771277602,77.50000588783982,0,90,1.0,1,1.2139875915983288e-07
1.35,0.009438687428818865,77.50000320165451,0,90,1.0,1,6.601349500482514e-08
1.355,0.019500507867137046,77.50000171918202,0,90,1.0,1,3.5447052029020285e-08
1.36,0.03679496976339974,77.50000091158711,0,90,1.0,1,1.8795610474663807e-08
1.365,0.06340728953298436,77.50000047731316,0,90,1.0,1,9.841508556549802e-09
1.37,0.09979255396093453,77.50000024679568,0,90,1.0,1,5.088570701117692e-09
1.375,0.14343835518453557,77.50000012600873,0,90,1.0,1,2.5981181192712274e-09
1.38,0.18829581417209276,77.50000006353201,0,90,1.0,1,1.3099384211938703e-09
1.385,0.2257481735193119,77.50000003163105,0,90,1.0,1,6.52186520138579e-10
1.39,0.24718154073554727,77.50000001555118,0,90,1.0,1,3.2064288452321053e-10
1.395,0.24718154074102772,77.50000000754991,0,90,1.0,1,1.5566833961614618e-10
1.4,0.22574817354072055,77.5000000036195,0,90,1.0,1,7.462896280333919e-11
1.405,0.18829581422840957,77.5000000017135,0,90,1.0,1,3.5329942865874475e-11
1.41,0.14343835532456656,77.50000000080104,0,90,1.0,1,1.65162362595156e-11
1.415,0.09979255431561854,77.50000000036978,0,90,1.0,1,7.624343310191161e-12
1.42,0.06340729067170194,77.50000000016857,0,90,1.0,1,3.475652755293323e-12
1.425,0.03679497683410042,77.50000000007587,0,90,1.0,1,1.5643660479270824e-12
1.43,0.019500578284482293,77.50000000003372,0,90,1.0,1,6.953063554468939e-13
1.435,0.009439396781978427,77.50000000001481,0,90,1.0,1,3.0531362089155643e-13
1.44,0.004178588733610924,77.50000000000642,0,90,1.0,1,1.3243930579940837e-13
1.445,0.0017299316936037381,77.50000000000274,0,90,1.0,1,5.655041154709251e-14
1.45,0.0008997325756988589,77.50000000000117,0,90,1.0,1,2.402659972467143e-14
1.455,0.001634769674224814,77.50000000000048,0,90,1.0,1,9.962248666327177e-15
1.46,0.00614904736476635,77.5000000000002,0,90,1.0,1,4.102102392017073e-15
1.465,0.02168080359963608,77.50000000000009,0,90,1.0,1,1.7580438822930315e-15
1.47,0.06433400338904088,77.50000000000003,0,90,1.0,1,5.860146274310105e-16
1.475,0.1593410769217493,77.50000000000001,0,90,1.0,1,2.9300731371550523e-16
1.48,0.3291989194808569,77.5,0,90,1.0,1,0.0
1.485,0.5672906802982638,77.5,0,90,1.0,1,0.0
1.49,0.815339152120446,77.5,0,90,1.0,1,0.0
1.495,0.9768711246313155,77.50000285700571,1,90,1.0,1,5.890733424991792e-08
1.5,0.9726380909165361,77.5000055981037,0,90,1.0,1,1.1542481851411701e-07
1.505,0.7921091683291741,77.50001170193522,0,90,1.0,1,2.412770148805872e-07
1.51,0.49139090102639077,77.5000270882034,0,90,1.0,1,5.585196576478281e-07
1.515,0.15739335672107918,77.50007030382385,0,90,1.0,1,1.4495633782883385e-06
1.52,-0.11102342218909485,77.50019904185636,0,90,1.0,1,4.1039558012827685e-06
1.525,-0.2314207883647528,77.50058607134292,0,90,1.0,1,1.2083945214904703e-05
1.53,-0.2029124434754801,77.50172157287263,0,90,1.0,1,3.549634788918851e-05
1.535,-0.11151350554305876,77.50491227303426,0,90,1.0,1,0.00010128398008792904
1.54,-0.039430666652076896,77.51341548520728,0,90,1.0,1,0.00027660794241804996
1.545,-0.006087703519843621,77.53479767151332,0,90,1.0,1,0.0007174777631611781
1.55,0.005350271385530551,77.58538694566,0,90,1.0,1,0.001760555580618663
1.555,0.010381647827441833,77.69780421918405,0,90,1.0,1,0.004078437508949487
1.56,0.015115203303506243,77.93212374321509,0,90,1.0,1,0.008909767901341991
1.565,0.021170964062928475,78.38971621807644,0,90,1.0,1,0.018344664290235957
1.57,0.029082821134029553,79.22592550239746,0,90,1.0,1,0.035586092832937295
1.575,0.03923107061708144,80.65382694330745,0,90,1.0,1,0.06502735965582372
1.58,0.051969043308817596,82.92814688244911,0,90,1.0,1,0.1119205542773013
1.585,0.06760532616283861,86.29905479142072,0,90,1.0,1,0.1814238101323859
1.59,0.08636519236693461,90.93310591840898,0,90,1.0,1,0.27697125604966977
1.595,0.10834733138818661,96.81375736041753,0,90,1.0,1,0.3982218012457222
1.6,0.1334809643017884,103.65218979533569,0,90,1.0,1,0.5392204081512513
1.605,0.16148868344343945,110.85098906485283,0,90,1.0,1,0.6876492590691304
1.61,0.191860907532018,117.55776115670236,0,90,1.0,1,0.8259332197258218
1.615,0.22384764873847726,122.81835656489098,0,90,1.0,1,0.9343991044307418
1.62,0.25647215537198226,125.79775358536652,0,90,1.0,1,0.9958299708322994
1.625,0.2885689161419028,126.0,0,90,1.0,1,1.0
1.63,0.31884566517832524,123.40809829602208,0,90,1.0,1,0.9465587277530325
1.635,0.3459657668955683,118.49003065599916,0,90,1.0,1,0.8451552712577147
1.64,0.3686441789190902,112.06852813875727,0,90,1.0,1,0.71275315750015
1.645,0.3857476379544367,105.10477932098621,0,90,1.0,1,0.5691707076492002
1.65,0.3963882865005728,98.47443100842273,0,90,1.0,1,0.4324624950190253
1.655,0.4,92.8066072912793,0,90,1.0,1,0.3156001503356558
1.66,0.39638828650057273,88.42148372327156,0,90,1.0,1,0.2251852314076611
1.665,0.38574763795443656,85.35990241659837,0,90,1.0,1,0.16205984364120357
1.67,0.36864417891908974,83.46944358620377,0,90,1.0,1,0.12308131105574777
1.675,0.345965766895568,82.50409108932574,0,90,1.0,1,0.1031771358623864
1.68,0.3188456651783249,82.20538889595129,0,90,1.0,1,0.09701832775157294
1.685,0.28856891614190205,82.35118221387862,0,90,1.0,1,0.10002437554388899
1.69,0.2564721553719815,82.77370137387766,0,90,1.0,1,0.10873611080160117
1.695,0.22384764873847685,83.35697885227354,0,90,1.0,1,0.12076245056234107
1.7,0.19186090753201765,84.0246919330554,0,90,1.0,1,0.13452973057846174
1.705,0.16148868344343878,84.72653191551647,0,90,1.0,1,0.1490006580518861
1.71,0.1334809643017881,85.42725699479512,0,90,1.0,1,0.16344859783082713
1.715,0.10834733138818531,86.09955203844497,0,90,1.0,1,0.17731035130814368
1.72,0.08636519236690572,86.72019234262434,0,90,1.0,1,0.1901070586108112
1.725,0.06760532616242629,87.26848870696234,0,90,1.0,1,0.20141213828788337
1.73,0.05196904332202373,87.72606423286395,0,90,1.0,1,0.21084668521368966
1.735,0.03923107185803287,88.07728034294114,0,90,1.0,1,0.2180882544936317
1.74,0.02908287038705761,88.30988433026353,0,90,1.0,1,0.22288421299512431
1.745,0.02117220077308346,88.41562988670005,0,90,1.0,1,0.2250645337463927
1.75,0.0151361834125735,88.39073171494468,0,90,1.0,1,0.22455116938030265
1.755,0.010626454858290009,88.23608061227844,0,90,1.0,1,0.2213624868511019
1.76,0.007326255555493652,87.95718762032197,0,90,1.0,1,0.2156121158829273
1.765,0.004960179211183015,87.56385719193653,0,90,1.0,1,0.20750221014302134
1.77,0.0032978759379303545,87.06961485035202,0,90,1.0,1,0.19731164639901083
1.775,0.002153242296767213,86.49093547163766,0,90,1.0,1,0.18538011281727124
1.78,0.001380616732225004,85.84633343081921,0,90,1.0,1,0.17208934908905596
1.785,0.0008693106590991584,85.15538449808108,0,90,1.0,1,0.15784297934187785
1.79,0.000537524815942247,84.43775108996621,0,90,1.0,1,0.14304641422610748
1.795,0.0003263951340288585,83.71227751571944,0,90,1.0,1,0.12808819620040074
1.8,0.00019463030985187395,82.99621117057644,0,90,1.0,1,0.11332394166136998
1.805,0.00011397219555062695,82.30459074772966,0,90,1.0,1,0.09906372675731262
1.81,6.55403863487943e-05,81.64982534565863,0,90,1.0,1,0.08556340918883767
1.815,3.701184389455385e-05,81.04147079905813,0,90,1.0,1,0.0730200164754254
1.82,2.0525516217290957e-05,80.4861934573874,0,90,1.0,1,0.06157099912138971
1.825,1.1178128483661116e-05,79.98789840738041,0,90,1.0,1,0.05129687437897759
1.83,5.978135409912517e-06,79.54798972143004,0,90,1.0,1,0.04222659219443386
1.835,3.1396702713238487e-06,79.1657251050575,0,90,1.0,1,0.03434484752695885
1.84,1.6192875458531019e-06,78.83862619104653,0,90,1.0,1,0.027600540021577923
1.845,8.201353897972012e-07,78.5629081394647,0,90,1.0,1,0.021915631741540122
1.85,4.0791415086824765e-07,78.33389731528789,0,90,1.0,1,0.017193759078100723
1.855,1.9923866938774793e-07,78.14641264967727,0,90,1.0,1,0.013328095869634505
1.86,9.556527981051257e-08,77.9950938659425,0,90,1.0,1,0.010208120947267908
1.865,4.501406988770349e-08,77.87466719823882,0,90,1.0,1,0.007725096870903608
1.87,0.0,77.78014587226397,0,90,1.0,1,0.00577620355183448
1.875,0.0,77.7069680038797,0,90,1.0,1,0.004267381523292672
1.88,0.0,77.651078485453,0,90,1.0,1,0.0031150203186185305
1.885,0.0,77.6089638555516,0,90,1.0,1,0.0022466774340534693
1.89,0.0,77.57765022693218,0,90,1.0,1,0.0016010356068490341
1.895,0.0,77.55467432434818,0,90,1.0,1,0.0011273056566635917
1.9,0.0,77.53803685039938,0,90,1.0,1,0.0007842649566882334
1.905,0.0,77.52614605077103,0,90,1.0,1,0.0005390938303305668
1.91,0.0,77.5177577558228,0,90,1.0,1,0.0003661392953154532
1.915,0.0,77.51191654857978,0,90,1.0,1,0.000245702032572712
1.92,0.0,77.507901204888,0,90,1.0,1,0.0001629114409896965
1.925,0.0,77.5051762660216,0,90,1.0,1,0.00010672713446612442
1.93,0.0,77.50335058222204,0,90,1.0,1,6.908416952660915e-05
1.935,0.0,77.50214291231161,0,90,1.0,1,4.4183759002311787e-05
1.94,0.0,77.50135415677913,0,90,1.0,1,2.792075833256313e-05
1.945,0.0,77.50084550060859,0,90,1.0,1,1.7433002238989895e-05
1.95,0.0,77.50052160209725,0,90,1.0,1,1.075468241754972e-05
1.955,0.0,77.50031793999378,0,90,1.0,1,6.555463789233549e-06
1.96,0.0,77.50019148352861,0,90,1.0,1,3.948113991960669e-06
1.965,0.0,77.50011394574456,0,90,1.0,1,2.3493967950292517e-06
1.97,0.0,77.50006699543745,0,90,1.0,1,1.381349225776202e-06
1.975,0.0,77.50003891999467,0,90,1.0,1,8.024741168107361e-07
1.98,0.0,77.50002233987531,0,90,1.0,1,4.6061598587565985e-07
1.985,0.0,77.5000126697821,0,90,1.0,1,2.6123262050673147e-07
1.99,0.001684486749771458,77.50000709966693,0,90,1.0,1,1.4638488517110878e-07
1.995,0.004172395771277602,77.50000393085688,0,90,1.0,1,8.104859540891112e-08
2.0,0.009438687428818865,77.50000215038844,0,90,1.0,1,4.433790597441029e-08
2.005,0.019500507867137046,77.50000116232353,0,90,1.0,1,2.3965433568911375e-08
2.01,0.03679496976339974,77.50000062075121,0,90,1.0,1,1.2798993992939508e-08
2.015,0.06340728953298436,77.50000032755825,0,90,1.0,1,6.7537784391404165e-09
2.02,0.09979255396093453,77.50000017078115,0,90,1.0,1,3.52126080870971e-09
2.025,0.14343835518453557,77.50000008797753,0,90,1.0,1,1.8139696022472824e-09
2.03,0.18829581417209276,77.50000004478,0,90,1.0,1,9.232988623366931e-10
2.035,0.2257481735193119,77.50000002252042,0,90,1.0,1,4.6433865229362745e-10
2.04,0.24718154073554727,77.50000001119051,0,90,1.0,1,2.3073212527303918e-10
2.045,0.24718154074102772,77.50000000549419,0,90,1.0,1,1.1328219462137492e-10
2.05,0.22574817354072055,77.50000000266525,0,90,1.0,1,5.495352168734301e-11
2.055,0.18829581422840957,77.50000000127747,0,90,1.0,1,2.6339599459141628e-11
2.06,0.14343835532456656,77.50000000060498,0,90,1.0,1,1.247390735949649e-11
2.065,0.09979255431561854,77.5000000002831,0,90,1.0,1,5.83699869652658e-12
2.07,0.06340729067170194,77.50000000013088,0,90,1.0,1,2.698597359319803e-12
2.075,0.03679497683410042,77.50000000005979,0,90,1.0,1,1.2326817688011305e-12
2.08,0.019500578284482293,77.50000000002699,0,90,1.0,1,5.564208887457445e-13
2.085,0.009439396781978427,77.50000000001204,0,90,1.0,1,2.481771947170329e-13
2.09,0.004178588733610924,77.5000000000053,0,90,1.0,1,1.0929172801588345e-13
2.095,0.0017299316936037381,77.5000000000023,0,90,1.0,1,4.746718482191185e-14
2.1,0.0008997325756988589,77.500000000001,0,90,1.0,1,2.0510511960085366e-14
2.105,0.001634769674224814,77.50000000000043,0,90,1.0,1,8.790219411465157e-15
2.11,0.00614904736476635,77.50000000000017,0,90,1.0,1,3.516087764586063e-15
2.115,0.02168080359963608,77.50000000000007,0,90,1.0,1,1.465036568577526e-15
2.12,0.06433400338904088,77.50000000000003,0,90,1.0,1,5.860146274310105e-16
2.125,0.1593410769217493,77.50000000000001,0,90,1.0,1,2.9300731371550523e-16
2.13,0.3291989194808569,77.5,0,90,1.0,1,0.0
2.135,0.5672906802982638,77.5,0,90,1.0,1,0.0
2.14,0.815339152120446,77.5,0,90,1.0,1,0.0
2.145,0.9768711246313155,77.50000284322633,1,90,1.0,1,5.862322322426144e-08
2.15,0.9726380909165361,77.50000534910116,0,90,1.0,1,1.102907455352232e-07
2.155,0.7921091683291741,77.50001063505204,0,90,1.0,1,2.1927942341171353e-07
2.16,0.49139090102639077,77.50002307583767,0,90,1.0,1,4.757904675148218e-07
2.165,0.15739335672107918,77.5000554713907,0,90,1.0,1,1.143740014331155e-06
2.17,-0.11102342218909485,77.50014526993121,0,90,1.0,1,2.9952563136014092e-06
2.175,-0.2314207883647528,77.5003988898635,0,90,1.0,1,8.224533268130659e-06
2.18,-0.2029124434754801,77.5011054659756,0,90,1.0,1,2.279311289893738e-05
2.185,-0.11151350554305876,77.50300976888175,0,90,1.0,1,6.205709034543127e-05
2.19,-0.039430666652076896,77.50792185780857,0,90,1.0,1,0.00016333727440347813
2.195,-0.006087703519843621,77.51997904089026,0,90,1.0,1,0.0004119389874281015
2.2,0.005350271385530551,77.54805187102536,0,90,1.0,1,0.000990760227327109
2.205,0.010381647827441833,77.60993273918042,0,90,1.0,1,0.0022666544160911822
2.21,0.015115203303506243,77.73890414692885,0,90,1.0,1,0.0049258586995638304
2.215,0.021170964062928475,77.99279598451152,0,90,1.0,1,0.01016074194869107
2.22,0.029082821134029553,78.46442565053172,0,90,1.0,1,0.01988506495941697
2.225,0.03923107061708144,79.29027244272471,0,90,1.0,1,0.03691283387061265
2.23,0.051969043308817596,80.65176405432197,0,90,1.0,1,0.06498482586230872
2.235,0.06760532616283861,82.76179436299392,0,90,1.0,1,0.10849060542255515
2.24,0.08636519236693461,85.82984126010565,0,90,1.0,1,0.1717493043320753
2.245,0.10834733138818661,90.00401066771741,0,90,1.0,1,0.257814652942627
2.25,0.1334809643017884,95.29777724070067,0,90,1.0,1,0.3669644791897045
2.255,0.16148868344343945,101.52070486511198,0,90,1.0,1,0.4952722652600408
2.26,0.191860907532018,108.24076061437154,0,90,1.0,1,0.633830115760238
2.265,0.22384764873847726,114.80477932285345,0,90,1.0,1,0.7691707076877
2.27,0.25647215537198226,120.42962228136281,0,90,1.0,1,0.8851468511621198
2.275,0.2885689161419028,124.35209848293255,0,90,1.0,1,0.9660226491326298
2.28,0.31884566517832524,126.0,0,90,1.0,1,1.0
2.285,0.3459657668955683,125.13199699060715,0,90,1.0,1,0.982103030734168
2.29,0.3686441789190902,121.89956504594475,0,90,1.0,1,0.9154549494009228
2.295,0.3857476379544367,116.80934959217932,0,90,1.0,1,0.8105020534469962
2.3,0.3963882865005728,110.59911497723489,0,90,1.0,1,0.6824559789120596
2.305,0.4,104.06935062625563,0,90,1.0,1,0.5478216623970232
2.31,0.39638828650057273,97.92347769263611,0,90,1.0,1,0.421102632837858
2.315,0.38574763795443656,92.65949215512845,0,90,1.0,1,0.3125668485593494
2.32,0.36864417891908974,88.53181629485155,0,90,1.0,1,0.22746012979075364
2.325,0.345965766895568,85.57626122980984,0,90,1.0,1,0.16652085009917206
2.33,0.3188456651783249,83.67383914290984,0,90,1.0,1,0.12729565243113075
2.335,0.28856891614190205,82.62499201165721,0,90,1.0,1,0.1056699383846848
2.34,0.2564721553719815,82.2123239726345,0,90,1.0,1,0.09716131902339162
2.345,0.22384764873847685,82.24122011682826,0,90,1.0,1,0.09775711581089194
2.35,0.19186090753201765,82.5580522820505,0,90,1.0,1,0.10428973777423704
2.355,0.16148868344343878,83.05182219454407,0,90,1.0,1,0.11447056071224893
2.36,0.1334809643017881,83.64676889072895,0,90,1.0,1,0.12673750290162783
2.365,0.10834733138818531,84.29215130262087,0,90,1.0,1,0.1400443567550694
2.37,0.08636519236690572,84.95297587109219,0,90,1.0,1,0.15366960558952975
2.375,0.06760532616242629,85.6032141410097,0,90,1.0,1,0.16707658022700414
2.38,0.05196904332202373,86.22161625213593,0,90,1.0,1,0.17982713921929755
2.385,0.03923107185803287,86.78956826301784,0,90,1.0,1,0.19153748995913075
2.39,0.02908287038705761,87.29030500025087,0,90,1.0,1,0.20186195876805912
2.395,0.02117220077308346,87.70890109634271,0,90,1.0,1,0.21049280611015905
2.4,0.0151361834125735,88.03263653005703,0,90,1.0,1,0.21716776350633057
2.405,0.010626454858290009,88.25148247455117,0,90,1.0,1,0.22168005102167357
2.41,0.007326255555493652,88.35855638009744,0,90,1.0,2,0.22388776041438022
2.415,0.004960179211183015,88.35045923154104,0,90,1.0,2,0.22372080889775336
2.42,0.0032978759379303545,88.22744713680183,0,90,1.0,2,0.2211844770474604
2.425,0.002153242296767213,87.99341542663203,0,90,1.0,2,0.21635908096148507
2.43,0.001380616732225004,87.65569305578572,0,90,1.0,2,0.20939573310898388
2.435,0.0008693106590991584,87.22466123620943,0,90,1.0,2,0.20050847909710162
2.44,0.000537524815942247,86.71322360224083,0,90,1.0,2,0.189963373242079
2.445,0.0003263951340288585,86.13616550482689,0,90,1.0,2,0.17806526814076065
2.45,0.00019463030985187395,85.50944672085147,0,90,1.0,2,0.1651432313577623
2.455,0.00011397219555062695,84.84947457720351,0,90,1.0,2,0.15153555829285587
2.46,6.55403863487943e-05,84.17240320268115,0,90,1.0,2,0.1375753237666217
2.465,3.701184389455385e-05,83.49349969202193,0,90,1.0,2,0.12357731323756552
2.47,2.0525516217290957e-05,82.8266100918151,0,90,1.0,2,0.10982701220237316
2.475,1.1178128483661116e-05,82.18374823881719,0,90,1.0,2,0.09657212863540593
2.48,5.978135409912517e-06,81.57481966179543,0,90,1.0,2,0.08401690024320475
2.485,3.1396702713238487e-06,81.00748205938964,0,90,1.0,2,0.07231921771937412
2.49,1.6192875458531019e-06,80.48713423047259,0,90,1.0,2,0.061590396504589515
2.495,8.201353897972012e-07,80.01701749313209,0,90,1.0,2,0.051897267899630665
2.5,4.0791415086824765e-07,79.59840805263835,0,90,1.0,2,0.04326614541522367
2.505,1.9923866938774793e-07,79.23087565482302,0,90,1.0,2,0.03568815783140255
2.51,9.556527981051257e-08,78.91258311223406,0,90,1.0,2,0.029125424994516702
2.515,4.501406988770349e-08,78.64060262096777,0,90,1.0,2,0.023517579813768435
2.52,0.0,78.41122774696173,0,90,1.0,2,0.018788200968283056
2.525,0.0,78.22026402057521,0,90,1.0,2,0.01485080454794257
2.53,0.0,78.06328569392375,0,90,1.0,2,0.0116141380190463
2.535,0.0,77.93585088962875,0,90,1.0,2,0.00898661628100522
2.54,0.0,77.83367169477451,0,90,1.0,2,0.006879828758237296
2.545,0.0,77.75273943637394,0,90,1.0,2,0.005211122399462747
2.55,0.0,77.68940824197168,0,90,1.0,2,0.0039053245767356024
2.555,0.0,77.64044198158881,0,90,1.0,2,0.0028957109605939712
2.56,0.0,77.60303083963844,0,90,1.0,2,0.00212434720903991
2.565,0.0,77.57478418147271,0,90,1.0,2,0.0015419418860352196
2.57,0.0,77.55370620498225,0,90,1.0,2,0.001107344432623672
2.575,0.0,77.53816026664151,0,90,1.0,2,0.0007868096214744733
2.58,0.0,77.5268269037557,0,90,1.0,2,0.0005531320362000976
2.585,0.0,77.51865958225872,0,90,1.0,2,0.00038473365481898506
2.59,0.0,77.51284119666562,0,90,1.0,2,0.00026476694155915014
2.595,0.0,77.50874341903805,0,90,1.0,2,0.00018027668119700757
2.6,0.0,77.505890189993,0,90,1.0,2,0.00012144721635044119
2.605,0.0,77.50392599307456,0,90,1.0,2,8.09483108156721e-05
2.61,0.0,77.50258905913398,0,90,1.0,2,5.338266255632296e-05
2.615,0.0,77.5016892993909,0,90,1.0,2,3.483091527636903e-05
2.62,0.0,77.50109054476202,0,90,1.0,2,2.2485459010757733e-05
2.625,0.0,77.50069655045753,0,90,1.0,2,1.436186510378067e-05
2.63,0.0,77.50044018362493,0,90,1.0,2,9.075951029515017e-06
2.635,0.0,77.50027522469445,0,90,1.0,2,5.674735968003793e-06
2.64,0.0,77.50017026019599,0,90,1.0,2,3.510519504872493e-06
2.645,0.0,77.50010421040284,0,90,1.0,2,2.1486680997647275e-06
2.65,0.0,77.50006310753771,0,90,1.0,2,1.3011863445954827e-06
2.655,0.0,77.5000378114743,0,90,1.0,2,7.796180268049977e-07
2.66,0.0,77.50002241497207,0,90,1.0,2,4.6216437247672616e-07
2.665,0.0,77.5000131469499,0,90,1.0,2,2.710711318914693e-07
2.67,0.0,77.50000762928833,0,90,1.0,2,1.57304914093458e-07
2.675,0.0,77.50000438041506,0,90,1.0,2,9.031783636216751e-08
2.68,0.001684486749771458,77.50000248839153,0,90,1.0,2,5.1307041859058467e-08
2.685,0.004172395771277602,77.50000139860276,0,90,1.0,2,2.8837170360667496e-08
2.69,0.009438687428818865,77.50000077775401,0,90,1.0,2,1.6036165165526644e-08
2.695,0.019500507867137046,77.50000042791977,0,90,1.0,2,8.823088092895821e-09
2.7,0.03679496976339974,77.50000023294568,0,90,1.0,2,4.803003722119365e-09
2.705,0.06340728953298436,77.50000012546401,0,90,1.0,2,2.586886855929198e-09
2.71,0.09979255396093453,77.50000006685839,0,90,1.0,2,1.3785235221371999e-09
2.715,0.14343835518453557,77.50000003525047,0,90,1.0,2,7.268137248980359e-10
2.72,0.18829581417209276,77.50000001838849,0,90,1.0,2,3.791441387650209e-10
2.725,0.2257481735193119,77.50000000949072,0,90,1.0,2,1.9568493446490017e-10
2.73,0.24718154073554727,77.50000000484647,0,90,1.0,2,9.99272142695359e-11
2.735,0.24718154074102772,77.50000000244863,0,90,1.0,2,5.048721120437756e-11
2.74,0.22574817354072055,77.50000000122404,0,90,1.0,2,2.5237891959571327e-11
2.745,0.18829581422840957,77.50000000060538,0,90,1.0,2,1.2482111564280523e-11
2.75,0.14343835532456656,77.50000000029624,0,90,1.0,2,6.108030461713422e-12
2.755,0.09979255431561854,77.50000000014343,0,90,1.0,2,2.9573228173305944e-12
2.76,0.06340729067170194,77.50000000006871,0,90,1.0,2,1.4166903618144677e-12
2.765,0.03679497683410042,77.50000000003256,0,90,1.0,2,6.712797557222225e-13
2.77,0.019500578284482293,77.50000000001526,0,90,1.0,2,3.146898549304526e-13
2.775,0.009439396781978427,77.50000000000708,0,90,1.0,2,1.4591764223032162e-13
2.78,0.004178588733610924,77.50000000000325,0,90,1.0,2,6.70986748408507e-14
2.785,0.0017299316936037381,77.50000000000148,0,90,1.0,2,3.047276062641254e-14
2.79,0.0008997325756988589,77.50000000000067,0,90,1.0,2,1.3771343744628746e-14
2.795,0.001634769674224814,77.5000000000003,0,90,1.0,2,6.15315358802561e-15
2.8,0.00614904736476635,77.50000000000013,0,90,1.0,2,2.637065823439547e-15
2.805,0.02168080359963608,77.50000000000006,0,90,1.0,2,1.172029254862021e-15
2.81,0.06433400338904088,77.50000000000003,0,90,1.0,2,5.860146274310105e-16
2.815,0.1593410769217493,77.50000000000001,0,90,1.0,2,2.9300731371550523e-16
2.82,0.3291989194808569,77.5,0,90,1.0,2,0.0
2.825,0.5672906802982638,77.5,0,90,1.0,2,0.0
2.83,0.815339152120446,77.5,0,90,1.0,2,0.0
2.835,0.9768711246313155,77.50000284146185,1,90,1.0,2,5.858684226416127e-08
2.84,0.9726380909165361,77.50000566108393,0,90,1.0,2,1.1672338004733394e-07
2.845,0.7921091683291741,77.50001208193964,0,90,1.0,2,2.49112157614514e-07
2.85,0.49139090102639077,77.50002873397177,0,90,1.0,2,5.924530262760039e-07
2.855,0.15739335672107918,77.50007697165655,0,90,1.0,2,1.5870444650369519e-06
2.86,-0.11102342218909485,77.5002248661891,0,90,1.0,2,4.636416270107747e-06
2.865,-0.2314207883647528,77.50068051525129,0,90,1.0,2,1.4031242294631925e-05
2.87,-0.2029124434754801,77.50204432602273,0,90,1.0,2,4.215105201498454e-05
2.875,-0.11151350554305876,77.50593777613041,0,90,1.0,2,0.00012242837382286874
2.88,-0.039430666652076896,77.5164399231014,0,90,1.0,2,0.00033896748662683775
2.885,-0.006087703519843621,77.5430754284251,0,90,1.0,2,0.0008881531634040833
2.89,0.005350271385530551,77.60641853580098,0,90,1.0,2,0.0021941966144532724
2.895,0.010381647827441833,77.74742477142738,0,90,1.0,2,0.005101541678914966
2.9,0.015115203303506243,78.0408498094408,0,90,1.0,2,0.011151542462696914
2.905,0.021170964062928475,78.61092688858213,0,90,1.0,2,0.022905709042930475
2.91,0.029082821134029553,79.6435860439409,0,90,1.0,2,0.04419765039053402
2.915,0.03923107061708144,81.38481376725014,0,90,1.0,2,0.08009925293299251
2.92,0.051969043308817596,84.11198300521768,0,90,1.0,2,0.13632954649933363
2.925,0.06760532616283861,88.06822919931167,0,90,1.0,2,0.21790163297549842
2.93,0.08636519236693461,93.3624433467146,0,90,1.0,2,0.3270606875611258
2.935,0.10834733138818661,99.85796314992469,0,90,1.0,2,0.4609889309262822
2.94,0.1334809643017884,107.09329543873122,0,90,1.0,2,0.6101710399738396
2.945,0.16148868344343945,114.28467844096284,0,90,1.0,2,0.7584469781641822
2.95,0.191860907532018,120.44171590167264,0,90,1.0,2,0.8853962041581988
2.955,0.22384764873847726,124.58441298286456,0,90,1.0,2,0.9708126388219498
2.96,0.25647215537198226,126.0,0,90,1.0,2,1.0
2.965,0.2885689161419028,124.44805851086043,0,90,1.0,2,0.9680012064094935
2.97,0.31884566517832524,120.23336770229193,0,90,1.0,2,0.8811003649957099
2.975,0.3459657668955683,114.1166790767293,0,90,1.0,2,0.7549830737469958
2.98,0.3686441789190902,107.09975419133913,0,90,1.0,2,0.6103042101307037
2.985,0.3857476379544367,100.16845034237797,0,90,1.0,2,0.46739072870882403
2.99,0.3963882865005728,94.08390247082684,0,90,1.0,2,0.34193613341911017
2.995,0.4,89.27867445647695,0,90,1.0,2,0.2428592671438546
3.0,0.39638828650057273,85.864344835223,0,90,1.0,2,0.1724607182520205
3.005,0.38574763795443656,83.71609774519702,0,90,1.0,2,0.1281669638184952
3.01,0.36864417891908974,82.5841699556867,0,90,1.0,2,0.10482824650900421
3.015,0.345965766895568,82.19056841459238,0,90,1.0,2,0.09671275081633768
3.02,0.3188456651783249,82.29034138789683,0,90,1.0,2,0.098769925523646
3.025,0.28856891614190205,82.69662523703138,0,90,1.0,2,0.10714691210373987
3.03,0.2564721553719815,83.28017122082787,0,90,1.0,2,0.11917878805830655
3.035,0.22384764873847685,83.95647708211006,0,90,1.0,2,0.1331232388063929
3.04,0.19186090753201765,84.67048907652408,0,90,1.0,2,0.1478451355984346
3.045,0.16148868344343878,85.38412783726835,0,90,1.0,2,0.16255933685089385
3.05,0.1334809643017881,86.06814495598806,0,90,1.0,2,0.17666278259769197
3.055,0.10834733138818531,86.69778161152293,0,90,1.0,2,0.1896449816808851
3.06,0.08636519236690572,87.25104168924796,0,90,1.0,2,0.20105240596387536
3.065,0.06760532616242629,87.70847176089451,0,90,1.0,2,0.21048395383287652
3.07,0.05196904332202373,88.05365884673252,0,90,1.0,2,0.21760121333469107
3.075,0.03923107185803287,88.27395822955663,0,90,1.0,2,0.2221434686506521
3.08,0.02908287038705761,88.36117218288662,0,90,1.0,2,0.22394169449250761
3.085,0.02117220077308346,88.31202622987558,0,90,1.0,2,0.22292837587372338
3.09,0.0151361834125735,88.12836388999429,0,90,1.0,2,0.2191415235050369
3.095,0.010626454858290009,87.81702923229327,0,90,1.0,2,0.2127222522122323
3.1,0.007326255555493652,87.38944286440807,0,90,1.0,2,0.20390603844140345
3.105,0.004960179211183015,86.86090652517962,0,90,1.0,2,0.1930083819624663
3.11,0.0032978759379303545,86.24969489964558,0,90,1.0,2,0.18040608040506342
3.115,0.002153242296767213,85.57600963817242,0,90,1.0,2,0.16651566264273035
3.12,0.001380616732225004,84.86087877929835,0,90,1.0,2,0.15177069648037828
3.125,0.0008693106590991584,84.1250844861679,0,90,1.0,2,0.13659968012717333
3.13,0.000537524815942247,83.38819378194358,0,90,1.0,2,0.12140605735966155
3.135,0.0003263951340288585,82.66775226181372,0,90,1.0,2,0.10655159302708696
3.14,0.00019463030985187395,81.97868166934622,0,90,1.0,2,0.0923439519452828
3.145,0.00011397219555062695,81.33290118404989,0,90,1.0,2,0.07902889039278119
3.15,6.55403863487943e-05,80.73917169351294,0,90,1.0,2,0.066787045227071
3.155,3.701184389455385e-05,80.20314431499443,0,90,1.0,2,0.05573493432978211
3.16,2.0525516217290957e-05,79.72758053473622,0,90,1.0,2,0.04592949556157153
3.165,1.1178128483661116e-05,79.31270241863277,0,90,1.0,2,0.03737530760067562
3.17,5.978135409912517e-06,78.95662759204296,0,90,1.0,2,0.030033558598823985
3.175,3.1396702713238487e-06,78.6558446534466,0,90,1.0,2,0.02383184852467202
3.18,1.6192875458531019e-06,78.40568947884991,0,90,1.0,2,0.018674009873193977
3.185,8.201353897972012e-07,78.20079032117712,0,90,1.0,2,0.014449284972724198
3.19,4.0791415086824765e-07,78.03545846105052,0,90,1.0,2,0.011040380640216993
3.195,1.9923866938774793e-07,77.90401025968183,0,90,1.0,2,0.008330108447047955
3.2,9.556527981051257e-08,77.80101484957184,0,90,1.0,2,0.006206491743749331
3.205,4.501406988770349e-08,77.72146870454772,0,90,1.0,2,0.004566365042220984
3.21,0.0,77.66090358782964,0,90,1.0,2,0.0033175997490646754
3.215,0.0,77.61543779137935,0,90,1.0,2,0.0023801606469968993
3.22,0.0,77.58178227885897,0,90,1.0,2,0.001686232553793126
3.225,0.0,77.55721360654816,0,90,1.0,2,0.0011796619906837135
3.23,0.0,77.539524679794,0,90,1.0,2,0.0008149418514226595
3.235,0.0,77.5269628821488,0,90,1.0,2,0.0005559357144081271
3.24,0.0,77.51816323428235,0,90,1.0,2,0.0003744996759248408
3.245,0.0,77.51208228217608,0,90,1.0,2,0.0002491192201253834
3.25,0.0,77.50793658518138,0,90,1.0,2,0.00016364093157491326
3.255,0.0,77.5051481039483,0,90,1.0,2,0.00010614647316084095
3.26,0.0,77.50329753832021,0,90,1.0,2,6.799048082910107e-05
3.265,0.0,77.50208574548876,0,90,1.0,2,4.300506162383865e-05
3.27,0.0,77.50130275183275,0,90,1.0,2,2.686086253099591e-05
3.275,0.0,77.50080350945366,0,90,1.0,2,1.6567205230122108e-05
3.28,0.0,77.50048938336957,0,90,1.0,2,1.0090378753998781e-05
3.285,0.0,77.5002943312271,0,90,1.0,2,6.068685094758096e-06
3.29,0.0,77.50017480441339,0,90,1.0,2,3.6042147090816777e-06
3.295,0.0,77.50010251734817,0,90,1.0,2,2.1137597560393317e-06
3.3,0.0,77.50005937057459,0,90,1.0,2,1.2241355585553447e-06
3.305,0.0,77.50003395267987,0,90,1.0,2,7.000552550755284e-07
3.31,0.0,77.50001917369362,0,90,1.0,2,3.9533388898816314e-07
3.315,0.001684486749771458,77.50001069218405,0,90,1.0,2,2.204574030591025e-07
3.32,0.004172395771277602,77.50000588783982,0,90,1.0,2,1.2139875915983288e-07
3.325,0.009438687428818865,77.50000320165451,0,90,1.0,2,6.601349500482514e-08
3.33,0.019500507867137046,77.50000171918202,0,90,1.0,2,3.5447052029020285e-08
3.335,0.03679496976339974,77.50000091158711,0,90,1.0,2,1.8795610474663807e-08
3.34,0.06340728953298436,77.50000047731316,0,90,1.0,2,9.841508556549802e-09
3.345,0.09979255396093453,77.50000024679568,0,90,1.0,2,5.088570701117692e-09
3.35,0.14343835518453557,77.50000012600873,0,90,1.0,2,2.5981181192712274e-09
3.355,0.18829581417209276,77.50000006353201,0,90,1.0,2,1.3099384211938703e-09
3.36,0.2257481735193119,77.50000003163105,0,90,1.0,2,6.52186520138579e-10
3.365,0.24718154073554727,77.50000001555118,0,90,1.0,2,3.2064288452321053e-10
3.37,0.24718154074102772,77.50000000754991,0,90,1.0,2,1.5566833961614618e-10
3.375,0.22574817354072055,77.5000000036195,0,90,1.0,2,7.462896280333919e-11
3.38,0.18829581422840957,77.5000000017135,0,90,1.0,2,3.5329942865874475e-11
3.385,0.14343835532456656,77.50000000080104,0,90,1.0,2,1.65162362595156e-11
3.39,0.09979255431561854,77.50000000036978,0,90,1.0,2,7.624343310191161e-12
3.395,0.06340729067170194,77.50000000016857,0,90,1.0,2,3.475652755293323e-12
3.4,0.03679497683410042,77.50000000007587,0,90,1.0,2,1.5643660479270824e-12
3.405,0.019500578284482293,77.50000000003372,0,90,1.0,2,6.953063554468939e-13
3.41,0.009439396781978427,77.50000000001481,0,90,1.0,2,3.0531362089155643e-13
3.415,0.004178588733610924,77.50000000000642,0,90,1.0,2,1.3243930579940837e-13
3.42,0.0017299316936037381,77.50000000000274,0,90,1.0,2,5.655041154709251e-14
3.425,0.0008997325756988589,77.50000000000117,0,90,1.0,2,2.402659972467143e-14
3.43,0.001634769674224814,77.50000000000048,0,90,1.0,2,9.962248666327177e-15
3.435,0.00614904736476635,77.5000000000002,0,90,1.0,2,4.102102392017073e-15
3.44,0.02168080359963608,77.50000000000009,0,90,1.0,2,1.7580438822930315e-15
3.445,0.06433400338904088,77.50000000000003,0,90,1.0,2,5.860146274310105e-16
3.45,0.1593410769217493,77.50000000000001,0,90,1.0,2,2.9300731371550523e-16
3.455,0.3291989194808569,77.5,0,90,1.0,2,0.0
3.46,0.5672906802982638,77.5,0,90,1.0,2,0.0
3.465,0.815339152120446,77.5,0,90,1.0,2,0.0
3.47,0.9768711246313155,77.50000284146185,1,90,1.0,2,5.858684226416127e-08
3.475,0.9726380909165361,77.50000566108393,0,90,1.0,2,1.1672338004733394e-07
3.48,0.7921091683291741,77.50001208193964,0,90,1.0,2,2.49112157614514e-07
3.485,0.49139090102639077,77.50002873397177,0,90,1.0,2,5.924530262760039e-07
3.49,0.15739335672107918,77.50007697165655,0,90,1.0,2,1.5870444650369519e-06
3.495,-0.11102342218909485,77.5002248661891,0,90,1.0,2,4.636416270107747e-06
3.5,-0.2314207883647528,77.50068051525129,0,90,1.0,2,1.4031242294631925e-05
3.505,-0.2029124434754801,77.50204432602273,0,90,1.0,2,4.215105201498454e-05
3.51,-0.11151350554305876,77.50593777613041,0,90,1.0,2,0.00012242837382286874
3.515,-0.039430666652076896,77.5164399231014,0,90,1.0,2,0.00033896748662683775
3.52,-0.006087703519843621,77.5430754284251,0,90,1.0,2,0.0008881531634040833
3.525,0.005350271385530551,77.60641853580098,0,90,1.0,2,0.0021941966144532724
3.53,0.010381647827441833,77.74742477142738,0,90,1.0,2,0.005101541678914966
3.535,0.015115203303506243,78.0408498094408,0,90,1.0,2,0.011151542462696914
3.54,0.021170964062928475,78.61092688858213,0,90,1.0,2,0.022905709042930475
3.545,0.029082821134029553,79.6435860439409,0,90,1.0,2,0.04419765039053402
3.55,0.03923107061708144,81.38481376725014,0,90,1.0,2,0.08009925293299251
3.555,0.051969043308817596,84.11198300521768,0,90,1.0,2,0.13632954649933363
3.56,0.06760532616283861,88.06822919931167,0,90,1.0,2,0.21790163297549842
3.565,0.08636519236693461,93.3624433467146,0,90,1.0,2,0.3270606875611258
3.57,0.10834733138818661,99.85796314992469,0,90,1.0,2,0.4609889309262822
3.575,0.1334809643017884,107.09329543873122,0,90,1.0,2,0.6101710399738396
3.58,0.16148868344343945,114.28467844096284,0,90,1.0,2,0.7584469781641822
3.585,0.191860907532018,120.44171590167264,0,90,1.0,2,0.8853962041581988
3.59,0.22384764873847726,124.58441298286456,0,90,1.0,2,0.9708126388219498
3.595,0.25647215537198226,126.0,0,90,1.0,2,1.0
3.6,0.2885689161419028,124.44805851086043,0,90,1.0,2,0.9680012064094935
3.605,0.31884566517832524,120.23336770229193,0,90,1.0,2,0.8811003649957099
3.61,0.3459657668955683,114.1166790767293,0,90,1.0,2,0.7549830737469958
3.615,0.3686441789190902,107.09975419133913,0,90,1.0,3,0.6103042101307037
3.62,0.3857476379544367,100.16845034237797,0,90,1.0,3,0.46739072870882403
3.625,0.3963882865005728,94.08390247082684,0,90,1.0,3,0.34193613341911017
3.63,0.4,89.27867445647695,0,90,1.0,3,0.2428592671438546
3.635,0.39638828650057273,85.864344835223,0,90,1.0,3,0.1724607182520205
3.64,0.38574763795443656,83.71609774519702,0,90,1.0,3,0.1281669638184952
3.645,0.36864417891908974,82.5841699556867,0,90,1.0,3,0.10482824650900421
3.65,0.345965766895568,82.19056841459238,0,90,1.0,3,0.09671275081633768
3.655,0.3188456651783249,82.29034138789683,0,90,1.0,3,0.098769925523646
3.66,0.28856891614190205,82.69662523703138,0,90,1.0,3,0.10714691210373987
3.665,0.2564721553719815,83.28017122082787,0,90,1.0,3,0.11917878805830655
3.67,0.22384764873847685,83.95647708211006,0,90,1.0,3,0.1331232388063929
3.675,0.19186090753201765,84.67048907652408,0,90,1.0,3,0.1478451355984346
3.68,0.16148868344343878,85.38412783726835,0,90,1.0,3,0.16255933685089385
3.685,0.1334809643017881,86.06814495598806,0,90,1.0,3,0.17666278259769197
3.69,0.10834733138818531,86.69778161152293,0,90,1.0,3,0.1896449816808851
3.695,0.08636519236690572,87.25104168924796,0,90,1.0,3,0.20105240596387536
3.7,0.06760532616242629,87.70847176089451,0,90,1.0,3,0.21048395383287652
3.705,0.05196904332202373,88.05365884673252,0,90,1.0,3,0.21760121333469107
3.71,0.03923107185803287,88.27395822955663,0,90,1.0,3,0.2221434686506521
3.715,0.02908287038705761,88.36117218288662,0,90,1.0,3,0.22394169449250761
3.72,0.02117220077308346,88.31202622987558,0,90,1.0,3,0.22292837587372338
3.725,0.0151361834125735,88.12836388999429,0,90,1.0,3,0.2191415235050369
3.73,0.010626454858290009,87.81702923229327,0,90,1.0,3,0.2127222522122323
3.735,0.007326255555493652,87.38944286440807,0,90,1.0,3,0.20390603844140345
3.74,0.004960179211183015,86.86090652517962,0,90,1.0,3,0.1930083819624663
3.745,0.0032978759379303545,86.24969489964558,0,90,1.0,3,0.18040608040506342
3.75,0.002153242296767213,85.57600963817242,0,90,1.0,3,0.16651566264273035
3.755,0.001380616732225004,84.86087877929835,0,90,1.0,3,0.15177069648037828
3.76,0.0008693106590991584,84.1250844861679,0,90,1.0,3,0.13659968012717333
3.765,0.000537524815942247,83.38819378194358,0,90,1.0,3,0.12140605735966155
3.77,0.0003263951340288585,82.66775226181372,0,90,1.0,3,0.10655159302708696
3.775,0.00019463030985187395,81.97868166934622,0,90,1.0,3,0.0923439519452828
3.78,0.00011397219555062695,81.33290118404989,0,90,1.0,3,0.07902889039278119
3.785,6.55403863487943e-05,80.73917169351294,0,90,1.0,3,0.066787045227071
3.79,3.701184389455385e-05,80.20314431499443,0,90,1.0,3,0.05573493432978211
3.795,2.0525516217290957e-05,79.72758053473622,0,90,1.0,3,0.04592949556157153
3.8,1.1178128483661116e-05,79.31270241863277,0,90,1.0,3,0.03737530760067562
3.805,5.978135409912517e-06,78.95662759204296,0,90,1.0,3,0.030033558598823985
3.81,3.1396702713238487e-06,78.6558446534466,0,90,1.0,3,0.02383184852467202
3.815,1.6192875458531019e-06,78.40568947884991,0,90,1.0,3,0.018674009873193977
3.82,8.201353897972012e-07,78.20079032117712,0,90,1.0,3,0.014449284972724198
3.825,4.0791415086824765e-07,78.03545846105052,0,90,1.0,3,0.011040380640216993
3.83,1.9923866938774793e-07,77.90401025968183,0,90,1.0,3,0.008330108447047955
3.835,9.556527981051257e-08,77.80101484957184,0,90,1.0,3,0.006206491743749331
3.84,4.501406988770349e-08,77.72146870454772,0,90,1.0,3,0.004566365042220984
3.845,0.0,77.66090358782964,0,90,1.0,3,0.0033175997490646754
3.85,0.0,77.61543779137935,0,90,1.0,3,0.0023801606469968993
3.855,0.0,77.58178227885897,0,90,1.0,3,0.001686232553793126
3.86,0.0,77.55721360654816,0,90,1.0,3,0.0011796619906837135
3.865,0.0,77.539524679794,0,90,1.0,3,0.0008149418514226595
3.87,0.0,77.5269628821488,0,90,1.0,3,0.0005559357144081271
3.875,0.0,77.51816323428235,0,90,1.0,3,0.0003744996759248408
3.88,0.0,77.51208228217608,0,90,1.0,3,0.0002491192201253834
3.885,0.0,77.50793658518138,0,90,1.0,3,0.00016364093157491326
3.89,0.0,77.5051481039483,0,90,1.0,3,0.00010614647316084095
3.895,0.0,77.50329753832021,0,90,1.0,3,6.799048082910107e-05
3.9,0.0,77.50208574548876,0,90,1.0,3,4.300506162383865e-05
3.905,0.0,77.50130275183275,0,90,1.0,3,2.686086253099591e-05
3.91,0.0,77.50080350945366,0,90,1.0,3,1.6567205230122108e-05
3.915,0.0,77.50048938336957,0,90,1.0,3,1.0090378753998781e-05
3.92,0.0,77.5002943312271,0,90,1.0,3,6.068685094758096e-06
3.925,0.0,77.50017480441339,0,90,1.0,3,3.6042147090816777e-06
3.93,0.0,77.50010251734817,0,90,1.0,3,2.1137597560393317e-06
3.935,0.0,77.50005937057459,0,90,1.0,3,1.2241355585553447e-06
3.94,0.0,77.50003395267987,0,90,1.0,3,7.000552550755284e-07
3.945,0.0,77.50001917369362,0,90,1.0,3,3.9533388898816314e-07
3.95,0.001684486749771458,77.50001069218405,0,90,1.0,3,2.204574030591025e-07
3.955,0.004172395771277602,77.50000588783982,0,90,1.0,3,1.2139875915983288e-07
3.96,0.009438687428818865,77.50000320165451,0,90,1.0,3,6.601349500482514e-08
3.965,0.019500507867137046,77.50000171918202,0,90,1.0,3,3.5447052029020285e-08
3.97,0.03679496976339974,77.50000091158711,0,90,1.0,3,1.8795610474663807e-08
3.975,0.06340728953298436,77.50000047731316,0,90,1.0,3,9.841508556549802e-09
3.98,0.09979255396093453,77.50000024679568,0,90,1.0,3,5.088570701117692e-09
3.985,0.14343835518453557,77.50000012600873,0,90,1.0,3,2.5981181192712274e-09
3.99,0.18829581417209276,77.50000006353201,0,90,1.0,3,1.3099384211938703e-09
3.995,0.2257481735193119,77.50000003163105,0,90,1.0,3,6.52186520138579e-10
4.0,0.24718154073554727,77.50000001555118,0,90,1.0,3,3.2064288452321053e-10
4.005,0.24718154074102772,77.50000000754991,0,90,1.0,3,1.5566833961614618e-10
4.01,0.22574817354072055,77.5000000036195,0,90,1.0,3,7.462896280333919e-11
4.015,0.18829581422840957,77.5000000017135,0,90,1.0,3,3.5329942865874475e-11
4.02,0.14343835532456656,77.50000000080104,0,90,1.0,3,1.65162362595156e-11
4.025,0.09979255431561854,77.50000000036978,0,90,1.0,3,7.624343310191161e-12
4.03,0.06340729067170194,77.50000000016857,0,90,1.0,3,3.475652755293323e-12
4.035,0.03679497683410042,77.50000000007587,0,90,1.0,3,1.5643660479270824e-12
4.04,0.019500578284482293,77.50000000003372,0,90,1.0,3,6.953063554468939e-13
4.045,0.009439396781978427,77.50000000001481,0,90,1.0,3,3.0531362089155643e-13
4.05,0.004178588733610924,77.50000000000642,0,90,1.0,3,1.3243930579940837e-13
4.055,0.0017299316936037381,77.50000000000274,0,90,1.0,3,5.655041154709251e-14
4.06,0.0008997325756988589,77.50000000000117,0,90,1.0,3,2.402659972467143e-14
4.065,0.001634769674224814,77.50000000000048,0,90,1.0,3,9.962248666327177e-15
4.07,0.00614904736476635,77.5000000000002,0,90,1.0,3,4.102102392017073e-15
4.075,0.02168080359963608,77.50000000000009,0,90,1.0,3,1.7580438822930315e-15
4.08,0.06433400338904088,77.50000000000003,0,90,1.0,3,5.860146274310105e-16
4.085,0.1593410769217493,77.50000000000001,0,90,1.0,3,2.9300731371550523e-16
4.09,0.3291989194808569,77.5,0,90,1.0,3,0.0
4.095,0.5672906802982638,77.5,0,90,1.0,3,0.0
4.1,0.815339152120446,77.5,0,90,1.0,3,0.0
4.105,0.9768711246313155,77.50000284359693,1,90,1.0,3,5.8630864561995826e-08
4.11,0.9726380909165361,77.50000548419933,0,90,1.0,3,1.1307627494144193e-07
4.115,0.7921091683291741,77.50001124088986,0,90,1.0,3,2.317709249813767e-07
4.12,0.49139090102639077,77.50002536697961,0,90,1.0,3,5.230305075000024e-07
4.125,0.15739335672107918,77.50006389056809,0,90,1.0,3,1.3173313007395262e-06
4.13,-0.11102342218909485,77.50017550461766,0,90,1.0,3,3.6186519104816886e-06
4.135,-0.2314207883647528,77.50050312573545,0,90,1.0,3,1.037372650410024e-05
4.14,-0.2029124434754801,77.50144560488555,0,90,1.0,3,2.9806286299926985e-05
4.145,-0.11151350554305876,77.50405253381912,0,90,1.0,3,8.355739833237495e-05
4.15,-0.039430666652076896,77.51091584732082,0,90,1.0,3,0.0002250690169240588
4.155,-0.006087703519843621,77.52802210333864,0,90,1.0,3,0.0005777753265699489
4.16,0.005350271385530551,77.56826624200473,0,90,1.0,3,0.0014075513815407234
4.165,0.010381647827441833,77.65747108052543,0,90,1.0,3,0.003246826402586094
4.17,0.015115203303506243,77.84353029025743,0,90,1.0,3,0.007083098768194506
4.175,0.021170964062928475,78.208294728616,0,90,1.0,3,0.014604015023010236
4.18,0.029082821134029553,78.87971080766134,0,90,1.0,3,0.02844764551879051
4.185,0.03923107061708144,80.03860769687986,0,90,1.0,3,0.052342426739791025
4.19,0.051969043308817596,81.9114678020172,0,90,1.0,3,0.0909580990106639
4.195,0.06760532616283861,84.73967911802492,0,90,1.0,3,0.14927173439226646
4.2,0.08636519236693461,88.71983424376735,0,90,1.0,3,0.23133678853128561
4.205,0.10834733138818661,93.92009701837561,0,90,1.0,3,0.3385587014098065
4.21,0.1334809643017884,100.19265177353559,0,90,1.0,3,0.46788972728939354
4.215,0.16148868344343945,107.11553201194583,0,90,1.0,3,0.6106295260195017
4.22,0.191860907532018,113.99980843728613,0,90,1.0,3,0.7525733698409512
4.225,0.22384764873847726,119.98355460807562,0,90,1.0,3,0.8759495795479509
4.23,0.25647215537198226,124.2034706308707,0,90,1.0,3,0.9629581573375402
4.235,0.2885689161419028,126.0,0,90,1.0,3,1.0
4.24,0.31884566517832524,125.0896730388076,0,90,1.0,3,0.9812303719341774
4.245,0.3459657668955683,121.64309031720336,0,90,1.0,3,0.9101668106639867
4.25,0.3686441789190902,116.23941024525399,0,90,1.0,3,0.7987507267062679
4.255,0.3857476379544367,109.71438740562652,0,90,1.0,3,0.6642141733118871
4.26,0.3963882865005728,102.95711288915504,0,90,1.0,3,0.5248889255495884
4.265,0.4,96.72341910788755,0,90,1.0,3,0.39635915686366086
4.27,0.39638828650057273,91.51813811820595,0,90,1.0,3,0.28903377563311244
4.275,0.38574763795443656,87.5651096594767,0,90,1.0,3,0.2075280342160145
4.28,0.36864417891908974,84.85055753012354,0,90,1.0,3,0.15155788721904204
4.285,0.345965766895568,83.20599367449054,0,90,1.0,3,0.11764935411320707
4.29,0.3188456651783249,82.39522658019695,0,90,1.0,3,0.10093250680818448
4.295,0.28856891614190205,82.18134970860318,0,90,1.0,3,0.09652267440418925
4.3,0.2564721553719815,82.36490781207327,0,90,1.0,3,0.10030737756852103
4.305,0.22384764873847685,82.79649701173709,0,90,1.0,3,0.10920612395334202
4.31,0.19186090753201765,83.37281201706614,0,90,1.0,3,0.12108890756837398
4.315,0.16148868344343878,84.02539184144003,0,90,1.0,3,0.1345441616791758
4.32,0.1334809643017881,84.70859251846929,0,90,1.0,3,0.14863077357668636
4.325,0.10834733138818531,85.39005201648826,0,90,1.0,3,0.1626814848760465
4.33,0.08636519236690572,86.044472758779,0,90,1.0,3,0.17617469605729885
4.335,0.06760532616242629,86.65025529584166,0,90,1.0,3,0.1886650576462198
4.34,0.05196904332202373,87.18810890053072,0,90,1.0,3,0.19975482269135508
4.345,0.03923107185803287,87.64083038423249,0,90,1.0,3,0.2090892862728348
4.35,0.02908287038705761,87.99366494888493,0,90,1.0,3,0.21636422575020467
4.355,0.02117220077308346,88.23487689607546,0,90,1.0,3,0.2213376679603188
4.36,0.0151361834125735,88.35631072246048,0,90,1.0,3,0.2238414581950614
4.365,0.010626454858290009,88.35381801207184,0,90,1.0,3,0.22379006210457403
4.37,0.007326255555493652,88.22748246937488,0,90,1.0,3,0.22118520555412116
4.375,0.004960179211183015,87.98161207029037,0,90,1.0,3,0.21611571278949213
4.38,0.0032978759379303545,87.62449423525337,0,90,1.0,3,0.20875245845883228
4.385,0.002153242296767213,87.1679318019965,0,90,1.0,3,0.199338800041165
4.39,0.001380616732225004,86.62659553682514,0,90,1.0,3,0.18817722756340485
4.395,0.0008693106590991584,86.01724256371354,0,90,1.0,3,0.1756132487363616
4.4,0.000537524815942247,85.35785865287932,0,90,1.0,3,0.16201770418307868
4.405,0.0003263951340288585,84.66678530372789,0,90,1.0,3,0.1477687691490287
4.41,0.00019463030985187395,83.96189001381458,0,90,1.0,3,0.1332348456456615
4.415,0.00011397219555062695,83.25983064690726,0,90,1.0,3,0.11875939478159302
4.42,6.55403863487943e-05,82.57545348721757,0,90,1.0,3,0.10464852550964067
4.425,3.701184389455385e-05,81.92135081114074,0,90,1.0,3,0.09116187239465445
4.43,2.0525516217290957e-05,81.30758917718623,0,90,1.0,3,0.07850699334404598
4.435,1.1178128483661116e-05,80.74160562584288,0,90,1.0,3,0.06683722939882226
4.44,5.978135409912517e-06,80.22825686325584,0,90,1.0,3,0.05625271883001725
4.445,3.1396702713238487e-06,79.76999719568829,0,90,1.0,3,0.046804065890480216
4.45,1.6192875458531019e-06,79.36715499256925,0,90,1.0,3,0.03849804108390215
4.455,8.201353897972012e-07,79.01827487455601,0,90,1.0,3,0.03130463658878378
4.46,4.0791415086824765e-07,78.72049337182925,0,90,1.0,3,0.0251648117902938
4.465,1.9923866938774793e-07,78.46991891897598,0,90,1.0,3,0.01999832822630882
4.47,9.556527981051257e-08,78.26199201676988,0,90,1.0,3,0.015711175603502697
4.475,4.501406988770349e-08,78.09180740822781,0,90,1.0,3,0.01220221460263522
4.48,0.0,77.95438643595452,0,90,1.0,3,0.009368792493907593
4.485,0.0,77.8448937347729,0,90,1.0,3,0.007111211026245273
4.49,0.0,77.75879759554243,0,90,1.0,3,0.005336032897782116
4.495,0.0,77.69197742146481,0,90,1.0,3,0.003958297349789957
4.5,0.0,77.640784569316,0,90,1.0,3,0.0029027746250721038
4.505,0.0,77.60206455450907,0,90,1.0,3,0.0021044238043107246
4.51,0.0,77.5731492398329,0,90,1.0,3,0.0015082317491319794
4.515,0.0,77.55182743021956,0,90,1.0,3,0.0010686068086507364
4.52,0.0,77.53630149568863,0,90,1.0,3,0.0007484844471883127
4.525,0.0,77.52513647346169,0,90,1.0,3,0.0005182778033337254
4.53,0.0,77.51720676241366,0,90,1.0,3,0.0003547786064673088
4.535,0.0,77.511644181374,0,90,1.0,3,0.00024008621389681167
4.54,0.0,77.50778993342809,0,90,1.0,3,0.00016061718408424248
4.545,0.0,77.50515197226336,0,90,1.0,3,0.00010622623223428528
4.55,0.0,77.50336843577756,0,90,1.0,3,6.945228407339903e-05
4.555,0.0,77.50217719842811,0,90,1.0,3,4.489068923947381e-05
4.56,0.0,77.50139117811788,0,90,1.0,3,2.868408490484136e-05
4.565,0.0,77.50087878462313,0,90,1.0,3,1.8119270579912145e-05
4.57,0.0,77.50054877857231,0,90,1.0,3,1.1315022109465176e-05
4.575,0.0,77.50033878707026,0,90,1.0,3,6.985300417782878e-06
4.58,0.0,77.50020676236647,0,90,1.0,3,4.263141576790151e-06
4.585,0.0,77.50012474729766,0,90,1.0,3,2.5721092301349007e-06
4.59,0.0,77.50007440562757,0,90,1.0,3,1.5341366509712372e-06
4.595,0.0,77.5000438728055,0,90,1.0,3,9.045939279563829e-07
4.6,0.0,77.50002557407974,0,90,1.0,3,5.273006132535284e-07
4.605,0.0,77.50001473735715,0,90,1.0,3,3.038630339786548e-07
4.61,0.0,77.50000839564733,0,90,1.0,3,1.7310613046545994e-07
4.615,0.001684486749771458,77.50000472828614,0,90,1.0,3,9.74904359394451e-08
4.62,0.004172395771277602,77.50000263249952,0,90,1.0,3,5.4278340539238665e-08
4.625,0.009438687428818865,77.50000144893144,0,90,1.0,3,2.987487510067366e-08
4.63,0.019500507867137046,77.50000078839227,0,90,1.0,3,1.6255510733581387e-08
4.635,0.03679496976339974,77.50000042408398,0,90,1.0,3,8.743999558777732e-09
4.64,0.06340728953298436,77.50000022551548,0,90,1.0,3,4.649803676113958e-09
4.645,0.09979255396093453,77.5000001185539,0,90,1.0,3,2.4444102915911515e-09
4.65,0.14343835518453557,77.50000006161271,0,90,1.0,3,1.270365146410768e-09
4.655,0.18829581417209276,77.5000000316548,0,90,1.0,3,6.526764283671113e-10
4.66,0.2257481735193119,77.5000000160777,0,90,1.0,3,3.3149909850368374e-10
4.665,0.24718154073554727,77.50000000807279,0,90,1.0,3,1.664492507169945e-10
4.67,0.24718154074102772,77.50000000400718,0,90,1.0,3,8.262220232149817e-11
4.675,0.22574817354072055,77.50000000196638,0,90,1.0,3,4.054400801344189e-11
4.68,0.18829581422840957,77.50000000095392,0,90,1.0,3,1.9668408940467004e-11
4.685,0.14343835532456656,77.50000000045748,0,90,1.0,3,9.432491443129545e-12
4.69,0.09979255431561854,77.50000000021689,0,90,1.0,3,4.471877621926041e-12
4.695,0.06340729067170194,77.50000000010165,0,90,1.0,3,2.095881315007009e-12
4.7,0.03679497683410042,77.5000000000471,0,90,1.0,3,9.710262376531843e-13
4.705,0.019500578284482293,77.50000000002157,0,90,1.0,3,4.4478510222013693e-13
4.71,0.009439396781978427,77.50000000000976,0,90,1.0,3,2.0129602452255209e-13
4.715,0.004178588733610924,77.50000000000438,0,90,1.0,3,9.02462526243756e-14
4.72,0.0017299316936037381,77.50000000000193,0,90,1.0,3,3.984899466530871e-14
4.725,0.0008997325756988589,77.50000000000085,0,90,1.0,3,1.7580438822930315e-14
4.73,0.001634769674224814,77.50000000000037,0,90,1.0,3,7.618190156603136e-15
4.735,0.00614904736476635,77.50000000000016,0,90,1.0,3,3.2230804508705575e-15
4.74,0.02168080359963608,77.50000000000007,0,90,1.0,3,1.465036568577526e-15
4.745,0.06433400338904088,77.50000000000003,0,90,1.0,3,5.860146274310105e-16
4.75,0.1593410769217493,77.50000000000001,0,90,1.0,3,2.9300731371550523e-16
4.755,0.3291989194808569,77.5,0,90,1.0,3,0.0
4.76,0.5672906802982638,77.5,0,90,1.0,3,0.0
4.765,0.815339152120446,77.5,0,90,1.0,3,0.0
4.77,0.9768711246313155,77.50000285328441,1,90,1.0,3,5.883060647572643e-08
4.775,0.9726380909165361,77.50000562140409,0,90,1.0,3,1.1590523887282392e-07
4.78,0.7921091683291741,77.50001183073464,0,90,1.0,3,2.4393267289710397e-07
4.785,0.49139090102639077,77.50002762917026,0,90,1.0,3,5.696736136471992e-07
4.79,0.15739335672107918,77.50007245443882,0,90,1.0,3,1.4939059550923367e-06
4.795,-0.11102342218909485,77.50020725996767,0,90,1.0,3,4.273401395187075e-06
4.8,-0.2314207883647528,77.50061582704151,0,90,1.0,3,1.269746477348854e-05
4.805,-0.2029124434754801,77.50182248868452,0,90,1.0,3,3.757708627885804e-05
4.81,-0.11151350554305876,77.5052310715901,0,90,1.0,3,0.00010785714618768954
4.815,-0.039430666652076896,77.51435172175279,0,90,1.0,3,0.0002959117887172917
4.82,-0.006087703519843621,77.53735285072946,0,90,1.0,4,0.0007701618707105621
4.825,0.005350271385530551,77.5918691803079,0,90,1.0,4,0.0018942099032555814
4.83,0.010381647827441833,77.71309481986977,0,90,1.0,4,0.004393707626180756
4.835,0.015115203303506243,77.96566482587883,0,90,1.0,4,0.009601336616058397
4.84,0.021170964062928475,78.45812550344493,0,90,1.0,4,0.01975516501948315
4.845,0.029082821134029553,79.35558674678168,0,90,1.0,4,0.03825952055219964
4.85,0.03923107061708144,80.88198151748664,0,90,1.0,4,0.06973157768013682
4.855,0.051969043308817596,83.30025257051231,0,90,1.0,4,0.11959283650540853
4.86,0.06760532616283861,86.86014114836432,0,90,1.0,4,0.19299260099720247
4.865,0.08636519236693461,91.71228864363101,0,90,1.0,4,0.29303687925012395
4.87,0.10834733138818661,97.80423612993579,0,90,1.0,4,0.4186440439162018
4.875,0.1334809643017884,104.79307462662686,0,90,1.0,4,0.5627438067345745
4.88,0.16148868344343945,112.02004978372179,0,90,1.0,4,0.7117536037880781
4.885,0.191860907532018,118.58316466468419,0,90,1.0,4,0.8470755600965812
4.89,0.22384764873847726,123.51148828718976,0,90,1.0,4,0.9486904801482425
4.895,0.25647215537198226,126.0,0,90,1.0,4,1.0
4.9,0.2885689161419028,125.62830221298329,0,90,1.0,4,0.9923361281027482
4.905,0.31884566517832524,122.48203243932362,0,90,1.0,4,0.9274645863778066
4.91,0.3459657668955683,117.12925074937131,0,90,1.0,4,0.8170979535952847
4.915,0.3686441789190902,110.46116941721593,0,90,1.0,4,0.6796117405611531
4.92,0.3857476379544367,103.45897551850818,0,90,1.0,4,0.5352366086290347
4.925,0.3963882865005728,96.97065636772538,0,90,1.0,4,0.4014568323242347
4.93,0.4,91.56589466519785,0,90,1.0,4,0.29001844670511023
4.935,0.39638828650057273,87.49604796974954,0,90,1.0,4,0.206104081850506
4.94,0.38574763795443656,84.74329427423734,0,90,1.0,4,0.14934627369561532
4.945,0.36864417891908974,83.11746244254847,0,90,1.0,4,0.11582396788759737
4.95,0.345965766895568,82.3568848664176,0,90,1.0,4,0.10014195600861034
4.955,0.3188456651783249,82.20419486948393,0,90,1.0,4,0.09699370864915315
4.96,0.28856891614190205,82.4474226772088,0,90,1.0,4,0.102008714993996
4.965,0.2564721553719815,82.93146838815557,0,90,1.0,4,0.11198903893104258
4.97,0.22384764873847685,83.55144100802794,0,90,1.0,4,0.12477197954696775
4.975,0.19186090753201765,84.23890517799641,0,90,1.0,4,0.13894649851539
4.98,0.16148868344343878,84.94831218827366,0,90,1.0,4,0.15357344718090024
4.985,0.1334809643017881,85.64686744660881,0,90,1.0,4,0.16797664838368678
4.99,0.10834733138818531,86.30832747591782,0,90,1.0,4,0.18161499950346022
4.995,0.08636519236690572,86.90992131114385,0,90,1.0,4,0.19401899610605872
5.0,0.06760532616242629,87.43130093518502,0,90,1.0,4,0.20476909144711383
5.005,0.05196904332202373,87.85460739278714,0,90,1.0,4,0.21349705964509577
5.01,0.03923107185803287,88.16503318602679,0,90,1.0,4,0.21989759146446988
5.015,0.02908287038705761,88.35150634707973,0,90,1.0,4,0.2237423989088605
5.02,0.02117220077308346,88.40728293523891,0,90,1.0,4,0.22489243165441053
5.025,0.0151361834125735,88.33033092317498,0,90,1.0,4,0.22330579223041203
5.03,0.010626454858290009,88.12344658788109,0,90,1.0,4,0.21904013583259982
5.035,0.007326255555493652,87.79408397232552,0,90,1.0,4,0.2122491540685675
5.04,0.004960179211183015,87.35390857822988,0,90,1.0,4,0.20317337274700778
5.045,0.0032978759379303545,86.81811153597118,0,90,1.0,4,0.19212601105095226
5.05,0.002153242296767213,86.20454017631614,0,90,1.0,4,0.17947505518177614
5.055,0.001380616732225004,85.5327142396845,0,90,1.0,4,0.1656229740141133
5.06,0.0008693106590991584,84.82280306012088,0,90,1.0,4,0.15098563010558508
5.065,0.000537524815942247,84.09463776038064,0,90,1.0,4,0.13597191258516775
5.07,0.0003263951340288585,83.36682439710084,0,90,1.0,4,0.1209654514866153
5.075,0.00019463030985187395,82.65601043153745,0,90,1.0,4,0.10630949343376192
5.08,0.00011397219555062695,81.97633972309383,0,90,1.0,4,0.09229566439368721
5.085,6.55403863487943e-05,81.33911255053565,0,90,1.0,4,0.07915695980485868
5.09,3.701184389455385e-05,80.75264902476607,0,90,1.0,4,0.0670649283456922
5.095,2.0525516217290957e-05,80.22233844465784,0,90,1.0,4,0.05613068958057395
5.1,1.1178128483661116e-05,79.75084496649728,0,90,1.0,4,0.04640917456695429
5.105,5.978135409912517e-06,79.33843213578254,0,90,1.0,4,0.03790581723262969
5.11,3.1396702713238487e-06,78.9833655092204,0,90,1.0,4,0.030584855860214546
5.115,1.6192875458531019e-06,78.682353399043,0,90,1.0,4,0.02437842059882464
5.12,8.201353897972012e-07,78.43098993416538,0,90,1.0,4,0.019195668745677973
5.125,4.0791415086824765e-07,78.22417115200214,0,90,1.0,4,0.014931363958807063
5.13,1.9923866938774793e-07,78.05646263625866,0,90,1.0,4,0.011473456417704288
5.135,9.556527981051257e-08,77.92240529264143,0,90,1.0,4,0.008709387477142862
5.14,4.501406988770349e-08,77.81675337219069,0,90,1.0,4,0.006530997364756479
5.145,0.0,77.73464521201578,0,90,1.0,4,0.004838045608572738
5.15,0.0,77.6717120211314,0,90,1.0,4,0.0035404540439463563
5.155,0.0,77.62413328746686,0,90,1.0,4,0.002559449226120855
5.16,0.0,77.58864910755129,0,90,1.0,4,0.0018278166505420771
5.165,0.0,77.56254016636984,0,90,1.0,4,0.0012894879663885074
5.17,0.0,77.54358552186387,0,90,1.0,4,0.0008986705538943297
5.175,0.0,77.53000709975734,0,90,1.0,4,0.0006187030877802349
5.18,0.0,77.52040818335705,0,90,1.0,4,0.00042078728571233844
5.185,0.0,77.51371144502332,0,90,1.0,4,0.00028271020666635973
5.19,0.0,77.50910040372447,0,90,1.0,4,0.00018763719019534853
5.195,0.0,77.50596673357165,0,90,1.0,4,0.00012302543446709286
5.2,0.0,77.5038646590576,0,90,1.0,4,7.968369190923545e-05
5.205,0.0,77.50247277317126,0,90,1.0,4,5.098501384047511e-05
5.21,0.0,77.50156298902219,0,90,1.0,4,3.222657777711771e-05
5.215,0.0,77.50097594676535,0,90,1.0,4,2.0122613718576384e-05
5.22,0.0,77.50060199777202,0,90,1.0,4,1.2412325196347533e-05
5.225,0.0,77.50036682775895,0,90,1.0,4,7.563458947475906e-06
5.23,0.0,77.50022081473722,0,90,1.0,4,4.552881179766775e-06
5.235,0.0,77.50013130838836,0,90,1.0,4,2.707389450754996e-06
5.24,0.0,77.50007713570277,0,90,1.0,4,1.5904268611824797e-06
5.245,0.0,77.50004476277108,0,90,1.0,4,9.229437336633748e-07
5.25,0.0,77.5000256612047,0,90,1.0,4,5.290970041749967e-07
5.255,0.0,77.50001453234408,0,90,1.0,4,2.996359604512503e-07
5.26,0.001684486749771458,77.50000813004326,0,90,1.0,4,1.6762975784547157e-07
5.265,0.004172395771277602,77.50000449312597,0,90,1.0,4,9.264177259462213e-08
5.27,0.009438687428818865,77.50000245303015,0,90,1.0,4,5.057794121207688e-08
5.275,0.019500507867137046,77.50000132298747,0,90,1.0,4,2.7278092215731037e-08
5.28,0.03679496976339974,77.50000070486692,0,90,1.0,4,1.4533338564677289e-08
5.285,0.06340728953298436,77.50000037098563,0,90,1.0,4,7.64918827934304e-09
5.29,0.09979255396093453,77.50000019288817,0,90,1.0,4,3.97707558524004e-09
5.295,0.14343835518453557,77.5000000990724,0,90,1.0,4,2.042729788299016e-09
5.3,0.18829581417209276,77.50000005026877,0,90,1.0,4,1.0364694211715425e-09
5.305,0.2257481735193119,77.50000002519663,0,90,1.0,4,5.195180826198451e-10
5.31,0.24718154073554727,77.50000001247628,0,90,1.0,4,2.572428410033907e-10
5.315,0.24718154074102772,77.50000000610277,0,90,1.0,4,1.2583023283124142e-10
5.32,0.22574817354072055,77.50000000294894,0,90,1.0,4,6.080282669104563e-11
5.325,0.18829581422840957,77.50000000140768,0,90,1.0,4,2.90244254747168e-11
5.33,0.14343835532456656,77.5000000006638,0,90,1.0,4,1.3686664630964965e-11
5.335,0.09979255431561854,77.50000000030923,0,90,1.0,4,6.375839146449394e-12
5.34,0.06340729067170194,77.50000000014231,0,90,1.0,4,2.9341752395470693e-12
5.345,0.03679497683410042,77.50000000006469,0,90,1.0,4,1.3337692920329797e-12
5.35,0.019500578284482293,77.50000000002905,0,90,1.0,4,5.989069492344927e-13
5.355,0.009439396781978427,77.50000000001289,0,90,1.0,4,2.6575763353996326e-13
5.36,0.004178588733610924,77.50000000000564,0,90,1.0,4,1.1632390354505557e-13
5.365,0.0017299316936037381,77.50000000000244,0,90,1.0,4,5.03972579590669e-14
5.37,0.0008997325756988589,77.50000000000105,0,90,1.0,4,2.1682541214947386e-14
5.375,0.001634769674224814,77.50000000000044,0,90,1.0,4,9.083226725180661e-15
5.38,0.00614904736476635,77.50000000000018,0,90,1.0,4,3.809095078301568e-15
5.385,0.02168080359963608,77.50000000000007,0,90,1.0,4,1.465036568577526e-15
5.39,0.06433400338904088,77.50000000000003,0,90,1.0,4,5.860146274310105e-16
5.395,0.1593410769217493,77.50000000000001,0,90,1.0,4,2.9300731371550523e-16
5.4,0.3291989194808569,77.5,0,90,1.0,4,0.0
5.405,0.5672906802982638,77.5,0,90,1.0,4,0.0
5.41,0.815339152120446,77.5,0,90,1.0,4,0.0
5.415,0.9768711246313155,77.50000284586159,1,90,1.0,4,5.8677558500516847e-08
5.42,0.9726380909165361,77.50000554640805,0,90,1.0,4,1.1435892881458993e-07
5.425,0.7921091683291741,77.50001151682932,0,90,1.0,4,2.374603983045426e-07
5.43,0.49139090102639077,77.50002643002445,0,90,1.0,4,5.449489576934416e-07
5.435,0.15739335672107918,77.50006790101995,0,90,1.0,4,1.4000210298195504e-06
5.44,-0.11102342218909485,77.50019028911501,0,90,1.0,4,3.923486907442379e-06
5.445,-0.2314207883647528,77.50055528372543,0,90,1.0,4,1.1449148977995606e-05
5.45,-0.2029124434754801,77.5016191003873,0,90,1.0,4,3.338351314024416e-05
5.455,-0.11151350554305876,77.50459268016454,0,90,1.0,4,9.469443638216635e-05
5.46,-0.039430666652076896,77.51248521717368,0,90,1.0,4,0.00025742715822012853
5.465,-0.006087703519843621,77.53227388620262,0,90,1.0,4,0.0006654409526312796
5.47,0.005350271385530551,77.57900721106344,0,90,1.0,4,0.0016290146611018807
5.475,0.010381647827441833,77.68277725789753,0,90,1.0,4,0.003768603255619115
5.48,0.015115203303506243,77.89914273187748,0,90,1.0,4,0.008229747049020112
5.485,0.021170964062928475,78.32227751227126,0,90,1.0,4,0.01695417551074755
5.49,0.029082821134029553,79.09751100293126,0,90,1.0,4,0.03293837119445889
5.495,0.03923107061708144,80.42630442384339,0,90,1.0,4,0.06033617368749259
5.5,0.051969043308817596,82.55354337917821,0,90,1.0,4,0.10419677070470533
5.505,0.06760532616283861,85.72706210298368,0,90,1.0,4,0.16963014645327176
5.51,0.08636519236693461,90.12554414875623,0,90,1.0,4,0.26032049791249967
5.515,0.10834733138818661,95.76438236317041,0,90,1.0,4,0.3765852033643384
5.52,0.1334809643017884,102.40631247838554,0,90,1.0,4,0.5135322160491865
5.525,0.16148868344343945,109.51624731799802,0,90,1.0,4,0.6601288106803715
5.53,0.191860907532018,116.29749655462248,0,90,1.0,4,0.7999483825695357
5.535,0.22384764873847726,121.82388594751711,0,90,1.0,4,0.9138945556189095
5.54,0.25647215537198226,125.24436869130892,0,90,1.0,4,0.9844199730166788
5.545,0.2885689161419028,126.0,0,90,1.0,4,1.0
5.55,0.31884566517832524,123.97778706854874,0,90,1.0,4,0.9583048880113142
5.555,0.3459657668955683,119.54358950815404,0,90,1.0,4,0.8668781341887432
5.56,0.3686441789190902,113.44132554854066,0,90,1.0,4,0.7410582587327972
5.565,0.3857476379544367,106.59703250521925,0,90,1.0,4,0.599938814540603
5.57,0.3963882865005728,99.89899699454637,0,90,1.0,4,0.46183498957827557
5.575,0.4,94.02516929242782,0,90,1.0,4,0.3407251400500581
5.58,0.39638828650057273,89.3603322958374,0,90,1.0,4,0.24454293393479165
5.585,0.38574763795443656,86.00561321118767,0,90,1.0,4,0.1753734682719106
5.59,0.36864417891908974,83.85152120488316,0,90,1.0,4,0.13095920010068363
5.595,0.345965766895568,82.67378992307566,0,90,1.0,4,0.10667608088815793
5.6,0.3188456651783249,82.21795644486333,0,90,1.0,4,0.09727745247140893
5.605,0.28856891614190205,82.25491311032039,0,90,1.0,4,0.09803944557361624
5.61,0.2564721553719815,82.60568848479885,0,90,1.0,4,0.10527192752162572
5.615,0.22384764873847685,83.14350119463039,0,90,1.0,4,0.11636084937382245
5.62,0.19186090753201765,83.78381880877807,0,90,1.0,4,0.12956327440779516
5.625,0.16148868344343878,84.47111934410529,0,90,1.0,4,0.14373441946608845
5.63,0.1334809643017881,85.16736816282359,0,90,1.0,4,0.15809006521285757
5.635,0.10834733138818531,85.84401473859923,0,90,1.0,4,0.17204154100204594
5.64,0.08636519236690572,86.47738375513784,0,90,1.0,4,0.18510069598222342
5.645,0.06760532616242629,87.04656798666497,0,90,1.0,4,0.1968364533332983
5.65,0.05196904332202373,87.53286735530213,0,90,1.0,4,0.2068632444392192
5.655,0.03923107185803287,87.92003875076709,0,90,1.0,4,0.21484615980963073
5.66,0.02908287038705761,88.1948762403954,0,90,1.0,4,0.22051291217310107
5.665,0.02117220077308346,88.34783554716185,0,90,1.0,4,0.22366671231261545
5.67,0.0151361834125735,88.37354028569607,0,90,1.0,4,0.22419670692156837
5.675,0.010626454858290009,88.27108106749418,0,90,1.0,4,0.22208414572152949
5.68,0.007326255555493652,88.04406438191086,0,90,1.0,4,0.21740338931774963
5.685,0.004960179211183015,87.70040053904515,0,90,1.0,4,0.21031753688752883
5.69,0.0032978759379303545,87.25184573884796,0,90,1.0,4,0.20106898430614353
5.695,0.002153242296767213,86.71333452777212,0,90,1.0,4,0.18996566036643545
5.7,0.001380616732225004,86.10215528685912,0,90,1.0,4,0.17736402653317765
5.705,0.0008693106590991584,85.43703209507676,0,90,1.0,4,0.16365014629024247
5.71,0.000537524815942247,84.73718067857484,0,90,1.0,4,0.14922022017680092
5.715,0.0003263951340288585,84.02140412721407,0,90,1.0,4,0.1344619407673004
5.72,0.00019463030985187395,83.30728624532938,0,90,1.0,4,0.11973786072844081
5.725,0.00011397219555062695,82.61052800894745,0,90,1.0,4,0.10537171152468978
5.73,6.55403863487943e-05,81.94445724555983,0,90,1.0,4,0.09163829372288314
5.735,3.701184389455385e-05,81.31972513974611,0,90,1.0,4,0.07875721937620848
5.74,2.0525516217290957e-05,80.74418725350604,0,90,1.0,4,0.06689045883517611
5.745,1.1178128483661116e-05,80.22295293316265,0,90,1.0,4,0.056143359446652476
5.75,5.978135409912517e-06,79.75857634759942,0,90,1.0,4,0.046568584486585886
5.755,3.1396702713238487e-06,79.35135557138227,0,90,1.0,4,0.038172279822314865
5.76,1.6192875458531019e-06,78.9997032039245,0,90,1.0,4,0.030921715544834992
5.765,8.201353897972012e-07,78.70055267993662,0,90,1.0,4,0.02475366350384785
5.77,4.0791415086824765e-07,78.44976802421002,0,90,1.0,4,0.01958284586000033
5.775,1.9923866938774793e-07,78.24253048240675,0,90,1.0,4,0.015309906853747415
5.78,9.556527981051257e-08,78.07368229950097,0,90,1.0,4,0.011828501020638621
5.785,4.501406988770349e-08,77.93801505095327,0,90,1.0,4,0.009031238163984913
5.79,0.0,77.8304966317818,0,90,1.0,4,0.006814363541892754
5.795,0.0,77.74643674394598,0,90,1.0,4,0.005081169978267584
5.8,0.0,77.68159517563214,0,90,1.0,4,0.0037442304254049416
5.805,0.0,77.63224022257143,0,90,1.0,4,0.0027266025272458896
5.81,0.0,77.59516631581924,0,90,1.0,4,0.0019621920787472524
5.815,0.0,77.56768046943643,0,90,1.0,4,0.0013954735966273202
5.82,0.0,77.54756679479637,0,90,1.0,4,0.0009807586555951992
5.825,0.0,77.53303732186714,0,90,1.0,4,0.0006811818941678587
5.83,0.0,77.52267598708985,0,90,1.0,4,0.00046754612556401535
5.835,0.0,77.51538112097494,0,90,1.0,4,0.0003171365149471419
5.84,0.0,77.51031027372,0,90,1.0,4,0.00021258296329886004
5.845,0.0,77.50682987606086,0,90,1.0,4,0.00014082218682191167
5.85,0.0,77.50447111531227,0,90,1.0,4,9.218794458289717e-05
5.855,0.0,77.50289253977044,0,90,1.0,4,5.963999526685941e-05
5.86,0.0,77.50184928236199,0,90,1.0,4,3.812953323686604e-05
5.865,0.0,77.50116838920664,0,90,1.0,4,2.4090499105981152e-05
5.87,0.0,77.50072951170684,0,90,1.0,4,1.5041478491477542e-05
5.875,0.0,77.50045012943687,0,90,1.0,4,9.281019316924508e-06
5.88,0.0,77.50027447512092,0,90,1.0,4,5.659280843666547e-06
5.885,0.0,77.50016539751311,0,90,1.0,4,3.4102580023678343e-06
5.89,0.0,77.50009849527245,0,90,1.0,4,2.03083035986901e-06
5.895,0.0,77.50005796451639,0,90,1.0,4,1.1951446677676826e-06
5.9,0.0,77.50003371083174,0,90,1.0,4,6.950686957497027e-07
5.905,0.0,77.50001937479605,0,90,1.0,4,3.9948033100493557e-07
5.91,0.0,77.50001100437119,0,90,1.0,4,2.2689425130939178e-07
5.915,0.001684486749771458,77.50000617666068,0,90,1.0,4,1.2735382837650157e-07
5.92,0.004172395771277602,77.50000342612084,0,90,1.0,4,7.064166682998944e-08
5.925,0.009438687428818865,77.5000018780711,0,90,1.0,4,3.872311552739345e-08
5.93,0.019500507867137046,77.50000101737673,0,90,1.0,4,2.097683983903181e-08
5.935,0.03679496976339974,77.50000054464309,0,90,1.0,4,1.1229754354363397e-08
5.94,0.06340728953298436,77.50000028813938,0,90,1.0,4,5.941018050939466e-09
5.945,0.09979255396093453,77.50000015064462,0,90,1.0,4,3.106074719306486e-09
5.95,0.14343835518453557,77.50000007783323,0,90,1.0,4,1.6048089684172924e-09
5.955,0.18829581417209276,77.50000003974084,0,90,1.0,4,8.193987619004887e-10
5.96,0.2257481735193119,77.50000002005254,0,90,1.0,4,4.134544161791654e-10
5.965,0.24718154073554727,77.50000000999913,0,90,1.0,4,2.061675641203861e-10
5.97,0.24718154074102772,77.50000000492737,0,90,1.0,4,1.0159530490651828e-10
5.975,0.22574817354072055,77.50000000239955,0,90,1.0,4,4.94751639428042e-11
5.98,0.18829581422840957,77.50000000115479,0,90,1.0,4,2.381006731983567e-11
5.985,0.14343835532456656,77.5000000005492,0,90,1.0,4,1.132385365316313e-11
5.99,0.09979255431561854,77.50000000025813,0,90,1.0,4,5.322184846328437e-12
5.995,0.06340729067170194,77.5000000001199,0,90,1.0,4,2.4721027058177174e-12
6.0,0.03679497683410042,77.50000000005502,0,90,1.0,4,1.1345243187064363e-12
6.005,0.019500578284482293,77.50000000002495,0,90,1.0,4,5.145208428844272e-13
6.01,0.009439396781978427,77.50000000001118,0,90,1.0,4,2.305967558941026e-13
6.015,0.004178588733610924,77.50000000000496,0,90,1.0,4,1.0225955248671133e-13
6.02,0.0017299316936037381,77.50000000000217,0,90,1.0,4,4.48301189984723e-14
6.025,0.0008997325756988589,77.50000000000094,0,90,1.0,5,1.9338482705223346e-14
6.03,0.001634769674224814,77.5000000000004,0,90,1.0,5,8.204204784034146e-15
6.035,0.00614904736476635,77.50000000000017,0,90,1.0,5,3.516087764586063e-15
6.04,0.02168080359963608,77.50000000000007,0,90,1.0,5,1.465036568577526e-15
6.045,0.06433400338904088,77.50000000000003,0,90,1.0,5,5.860146274310105e-16
6.05,0.1593410769217493,77.50000000000001,0,90,1.0,5,2.9300731371550523e-16
6.055,0.3291989194808569,77.5,0,90,1.0,5,0.0
6.06,0.5672906802982638,77.5,0,90,1.0,5,0.0
6.065,0.815339152120446,77.5,0,90,1.0,5,0.0
6.07,0.9768711246313155,77.50000285066528,1,90,1.0,5,5.8776603762772095e-08
6.075,0.9726380909165361,77.50000533774794,0,90,1.0,5,1.1005665847620811e-07
6.08,0.7921091683291741,77.50001055134113,0,90,1.0,5,2.1755342544631426e-07
6.085,0.49139090102639077,77.50002272509559,0,90,1.0,5,4.685586719629616e-07
6.09,0.15739335672107918,77.50005414678377,0,90,1.0,5,1.1164285312949602e-06
6.095,-0.11102342218909485,77.500140505292,0,90,1.0,5,2.8970163297926024e-06
6.1,-0.2314207883647528,77.50038258369432,0,90,1.0,5,7.888323594182947e-06
6.105,-0.2029124434754801,77.5010527695429,0,90,1.0,5,2.1706588513294712e-05
6.11,-0.11151350554305876,77.50284972513398,0,90,1.0,5,5.875721925740811e-05
6.115,-0.039430666652076896,77.50746597756105,0,90,1.0,5,0.00015393768167121978
6.12,-0.006087703519843621,77.51876169890194,0,90,1.0,5,0.0003868391526173268
6.125,0.005350271385530551,77.54500396355465,0,90,1.0,5,0.000927916774322657
6.13,0.010381647827441833,77.60277510805538,0,90,1.0,5,0.0021190743928944885
6.135,0.015115203303506243,77.72313394409493,0,90,1.0,5,0.004600699878245889
6.14,0.021170964062928475,77.96019364845812,0,90,1.0,5,0.009488528834187958
6.145,0.029082821134029553,78.40119339193035,0,90,1.0,5,0.018581307050110282
6.15,0.03923107061708144,79.17526941030879,0,90,1.0,5,0.034541637325954354
6.155,0.051969043308817596,80.45579048450003,0,90,1.0,5,0.06094413370103151
6.16,0.06760532616283861,82.44931195947832,0,90,1.0,5,0.10204766926759427
6.165,0.08636519236693461,85.36455622127653,0,90,1.0,5,0.16215579837683566
6.17,0.10834733138818661,89.35900055276574,0,90,1.0,5,0.24451547531475742
6.175,0.1334809643017884,94.46913761169944,0,90,1.0,5,0.3498791260144214
6.18,0.16148868344343945,100.54136540845477,0,90,1.0,5,0.47507969914339726
6.185,0.191860907532018,107.18914743882308,0,90,1.0,5,0.612147369872641
6.19,0.22384764873847726,113.8027021799891,0,90,1.0,5,0.7485093232987443
6.195,0.25647215537198226,119.62609966806052,0,90,1.0,5,0.868579374599186
6.2,0.2885689161419028,123.89459021136328,0,90,1.0,5,0.9565894888940882
6.205,0.31884566517832524,126.0,0,90,1.0,5,1.0
6.21,0.3459657668955683,125.63555232071732,0,90,1.0,5,0.992485614860151
6.215,0.3686441789190902,122.8728829839707,0,90,1.0,5,0.9355233604942412
6.22,0.3857476379544367,118.14488894980822,0,90,1.0,5,0.8380389474187262
6.225,0.3963882865005728,112.14032116465883,0,90,1.0,5,0.7142334260754398
6.23,0.4,105.64571806451514,0,90,1.0,5,0.5803240838044358
6.235,0.39638828650057273,99.38474665898676,0,90,1.0,5,0.4512318898760156
6.24,0.38574763795443656,93.89946334087666,0,90,1.0,5,0.3381332647603436
6.245,0.36864417891908974,89.49722210145336,0,90,1.0,5,0.24736540415367753
6.25,0.345965766895568,86.26179009897115,0,90,1.0,5,0.18065546595816798
6.255,0.3188456651783249,84.10837075711324,0,90,1.0,5,0.1362550671569739
6.26,0.28856891614190205,82.85525798893129,0,90,1.0,5,0.11041769049342856
6.265,0.2564721553719815,82.28893368935184,0,90,1.0,5,0.09874090081137807
6.27,0.22384764873847685,82.20954302821511,0,90,1.0,5,0.09710397996319811
6.275,0.19186090753201765,82.45412614899202,0,90,1.0,5,0.1021469309070519
6.28,0.16148868344343878,82.9020248457851,0,90,1.0,5,0.11138195558319808
6.285,0.1334809643017881,83.46956389310165,0,90,1.0,5,0.1230837916103433
6.29,0.10834733138818531,84.1004855952502,0,90,1.0,5,0.13609248650000424
6.295,0.08636519236690572,84.75645137662403,0,90,1.0,5,0.14961755415719646
6.3,0.06760532616242629,85.40966434514888,0,90,1.0,5,0.16308586278657491
6.305,0.05196904332202373,86.0380544133898,0,90,1.0,5,0.17604235903896498
6.31,0.03923107185803287,86.62263152761466,0,90,1.0,5,0.18809549541473522
6.315,0.02908287038705761,87.14635512742458,0,90,1.0,5,0.1988939201530842
6.32,0.02117220077308346,87.59392038235315,0,90,1.0,5,0.20812206973924013
6.325,0.0151361834125735,87.95201971947535,0,90,1.0,5,0.21550556122629577
6.33,0.010626454858290009,88.20979239540345,0,90,1.0,5,0.22082046176089595
6.335,0.007326255555493652,88.35928803931012,0,90,1.0,5,0.2239028461713426
6.34,0.004960179211183015,88.3958424677883,0,90,1.0,5,0.22465654572759378
6.345,0.0032978759379303545,88.31830826653777,0,90,1.0,5,0.22305790240284062
6.35,0.002153242296767213,88.12911092076266,0,90,1.0,5,0.21915692620129187
6.355,0.001380616732225004,87.83412164429782,0,90,1.0,5,0.21307467307830563
6.36,0.0008693106590991584,87.44235443924178,0,90,1.0,5,0.20499699874725325
6.365,0.000537524815942247,86.96550861191454,0,90,1.0,5,0.19516512601885658
6.37,0.0003263951340288585,86.41738895346812,0,90,1.0,5,0.18386368976222928
6.375,0.00019463030985187395,85.81324358973214,0,90,1.0,5,0.171407084324374
6.38,0.00011397219555062695,85.16906367666229,0,90,1.0,5,0.15812502426107813
6.385,6.55403863487943e-05,84.5008894969962,0,90,1.0,5,0.14434823705146793
6.39,3.701184389455385e-05,83.82416428298873,0,90,1.0,5,0.1303951398554378
6.395,2.0525516217290957e-05,83.15317077049401,0,90,1.0,5,0.11656022207204154
6.4,1.1178128483661116e-05,82.50057687127921,0,90,1.0,5,0.10310467775833418
6.405,5.978135409912517e-06,81.8771068894783,0,90,1.0,5,0.09024962658718141
6.41,3.1396702713238487e-06,81.29134441020258,0,90,1.0,5,0.07817204969489863
6.415,1.6192875458531019e-06,80.74966329577829,0,90,1.0,5,0.06700336692326372
6.42,8.201353897972012e-07,80.25627492189922,0,90,1.0,5,0.05683041076080865
6.425,4.0791415086824765e-07,79.81337343151264,0,90,1.0,5,0.04769842126830195
6.43,1.9923866938774793e-07,79.42135668043277,0,90,1.0,5,0.03961560165840754
6.435,9.556527981051257e-08,79.07909874103451,0,90,1.0,5,0.032558736928546675
6.44,4.501406988770349e-08,78.78425013843707,0,90,1.0,5,0.026479384297671618
6.445,0.0,78.5335440627456,0,90,1.0,5,0.021310186860734128
6.45,0.0,78.32309016640502,0,90,1.0,5,0.016970931266082963
6.455,0.0,78.14864170879353,0,90,1.0,5,0.013374055851413066
6.46,0.0,78.00582625821215,0,90,1.0,5,0.010429407385817584
6.465,0.0,77.89033447553675,0,90,1.0,5,0.008048133516221589
6.47,0.0,77.79806535061086,0,90,1.0,5,0.006145677332182583
6.475,0.0,77.72522941908457,0,90,1.0,5,0.0046439055481354696
6.48,0.0,77.66841384122971,0,90,1.0,5,0.0034724503346331417
6.485,0.0,77.62461476063879,0,90,1.0,5,0.0025693765080163334
6.49,0.0,77.59124314265756,0,90,1.0,5,0.001881301910465172
6.495,0.0,77.5661104364004,0,90,1.0,5,0.0013631017814514075
6.5,0.0,77.54740005593854,0,90,1.0,5,0.0009773207410008
6.505,0.0,77.53362998903987,0,90,1.0,5,0.0006934018358735332
6.51,0.0,77.52361095963337,0,90,1.0,5,0.00048682390996646063
6.515,0.0,77.51640361595736,0,90,1.0,5,0.00033821888571872985
6.52,0.0,77.51127728584574,0,90,1.0,5,0.00023252135764404482
6.525,0.0,77.50767200055635,0,90,1.0,5,0.0001581855784815344
6.53,0.0,77.50516477853803,0,90,1.0,5,0.00010649027913466187
6.535,0.0,77.503440597138,0,90,1.0,5,7.094014717516253e-05
6.54,0.0,77.5022680623265,0,90,1.0,5,4.676417168027292e-05
6.545,0.0,77.50147950074185,0,90,1.0,5,3.0505169935078867e-05
6.55,0.0,77.50095502431975,0,90,1.0,5,1.9691223087647813e-05
6.555,0.0,77.50061003213925,0,90,1.0,5,1.2577982252566668e-05
6.56,0.0,77.50038559380044,0,90,1.0,5,7.95038763803906e-06
6.565,0.0,77.50024118284321,0,90,1.0,5,4.9728421280745995e-06
6.57,0.0,77.50014928006648,0,90,1.0,5,3.0779395150644987e-06
6.575,0.0,77.50009143158961,0,90,1.0,5,1.8851874146323622e-06
6.58,0.0,77.50005541530939,0,90,1.0,5,1.1425836987655202e-06
6.585,0.0,77.50003323550604,0,90,1.0,5,6.852681657310126e-07
6.59,0.0,77.50001972485731,0,90,1.0,5,4.06698088869403e-07
6.595,0.0,77.50001158415837,0,90,1.0,5,2.3884862622891006e-07
6.6,0.0,77.50000673215557,0,90,1.0,5,1.388073313198229e-07
6.605,0.0,77.5000038715319,0,90,1.0,5,7.982540004489884e-08
6.61,0.001684486749771458,77.50000220318306,0,90,1.0,5,4.542645480852894e-08
6.615,0.004172395771277602,77.5000012406731,0,90,1.0,5,2.5580888665065207e-08
6.62,0.009438687428818865,77.50000069135831,0,90,1.0,5,1.4254810500376349e-08
6.625,0.019500507867137046,77.50000038123086,0,90,1.0,5,7.860430144122352e-09
6.63,0.03679496976339974,77.50000020802328,0,90,1.0,5,4.289139801632287e-09
6.635,0.06340728953298436,77.5000001123246,0,90,1.0,5,2.315971121638587e-09
6.64,0.09979255396093453,77.50000006001736,0,90,1.0,5,1.237471266351124e-09
6.645,0.14343835518453557,77.50000003173349,0,90,1.0,5,6.542988098631541e-10
6.65,0.18829581417209276,77.50000001660344,0,90,1.0,5,3.4233890407458886e-10
6.655,0.2257481735193119,77.50000000859642,0,90,1.0,5,1.772456912054697e-10
6.66,0.24718154073554727,77.50000000440428,0,90,1.0,5,9.080999869596425e-11
6.665,0.24718154074102772,77.50000000223291,0,90,1.0,5,4.603936018217619e-11
6.67,0.22574817354072055,77.50000000112023,0,90,1.0,5,2.3097473532879562e-11
6.675,0.18829581422840957,77.50000000055614,0,90,1.0,5,1.1466841222256297e-11
6.68,0.14343835532456656,77.5000000002732,0,90,1.0,5,5.633065606180588e-12
6.685,0.09979255431561854,77.50000000013281,0,90,1.0,5,2.738446353985112e-12
6.69,0.06340729067170194,77.50000000006389,0,90,1.0,5,1.3173608824649115e-12
6.695,0.03679497683410042,77.50000000003041,0,90,1.0,5,6.270356513511812e-13
6.7,0.019500578284482293,77.50000000001432,0,90,1.0,5,2.953513722252293e-13
6.705,0.009439396781978427,77.50000000000668,0,90,1.0,5,1.3771343744628745e-13
6.71,0.004178588733610924,77.50000000000308,0,90,1.0,5,6.358258707626464e-14
6.715,0.0017299316936037381,77.5000000000014,0,90,1.0,5,2.9007724057835016e-14
6.72,0.0008997325756988589,77.50000000000064,0,90,1.0,5,1.3185329117197736e-14
6.725,0.001634769674224814,77.50000000000028,0,90,1.0,5,5.860146274310104e-15
6.73,0.00614904736476635,77.50000000000013,0,90,1.0,5,2.637065823439547e-15
6.735,0.02168080359963608,77.50000000000006,0,90,1.0,5,1.172029254862021e-15
6.74,0.06433400338904088,77.50000000000003,0,90,1.0,5,5.860146274310105e-16
6.745,0.1593410769217493,77.50000000000001,0,90,1.0,5,2.9300731371550523e-16
6.75,0.3291989194808569,77.5,0,90,1.0,5,0.0
6.755,0.5672906802982638,77.5,0,90,1.0,5,0.0
6.76,0.815339152120446,77.5,0,90,1.0,5,0.0
6.765,0.9768711246313155,77.50000285188469,1,90,1.0,5,5.88017461343474e-08
6.77,0.9726380909165361,77.500005472104,0,90,1.0,5,1.1282688645449e-07
6.775,0.7921091683291741,77.50001114553572,0,90,1.0,5,2.2980486026370402e-07
6.78,0.49139090102639077,77.50002494746741,0,90,1.0,5,5.143807713241201e-07
6.785,0.15739335672107918,77.50006223014493,0,90,1.0,5,1.283095771835169e-06
6.79,-0.11102342218909485,77.5001692753466,0,90,1.0,5,3.4902133318178834e-06
6.795,-0.2314207883647528,77.50048103204684,0,90,1.0,5,9.918186532683284e-06
6.8,-0.2029124434754801,77.50137207546508,0,90,1.0,5,2.8290215774943847e-05
6.805,-0.11151350554305876,77.50382388761822,0,90,1.0,5,7.884304367473877e-05
6.81,-0.039430666652076896,77.51025255192553,0,90,1.0,5,0.00021139282320685189
6.815,-0.006087703519843621,77.52622730260188,0,90,1.0,5,0.0005407691258119953
6.82,0.005350271385530551,77.56373480349473,0,90,1.0,5,0.0013141196596850547
6.825,0.010381647827441833,77.64679192528084,0,90,1.0,5,0.0030266376346564368
6.83,0.015115203303506243,77.82003264790949,0,90,1.0,5,0.006598611297102794
6.835,0.021170964062928475,78.16002289075324,0,90,1.0,5,0.013608719396974014
6.84,0.029082821134029553,78.78715565839514,0,90,1.0,5,0.026539291925672906
6.845,0.03923107061708144,79.87309703665223,0,90,1.0,5,0.04892983580726239
6.85,0.051969043308817596,81.6357728352696,0,90,1.0,5,0.08527366670658981
6.855,0.06760532616283861,84.31274116702575,0,90,1.0,5,0.14046889004176802
6.86,0.08636519236693461,88.10699478553131,0,90,1.0,5,0.21870092341301678
6.865,0.10834733138818661,93.10840244452054,0,90,1.0,5,0.3218227308148564
6.87,0.1334809643017884,99.20787973600085,0,90,1.0,5,0.44758514919589376
6.875,0.16148868344343945,106.03465479272373,0,90,1.0,5,0.5883433977881181
6.88,0.191860907532018,112.95149073900936,0,90,1.0,5,0.7309585719383372
6.885,0.22384764873847726,119.13158563547512,0,90,1.0,5,0.8583832089788684
6.89,0.25647215537198226,123.71388588995438,0,90,1.0,5,0.9528636265969976
6.895,0.2885689161419028,126.0,0,90,1.0,5,1.0
6.9,0.31884566517832524,125.63168033832994,0,90,1.0,5,0.9924057801717514
6.905,0.3459657668955683,122.68717513676035,0,90,1.0,5,0.9316943327167081
6.91,0.3686441789190902,117.66114684156429,0,90,1.0,5,0.8280648833312224
6.915,0.3857476379544367,111.33557350136091,0,90,1.0,5,0.6976406907497096
6.92,0.3963882865005728,104.5882963007817,0,90,1.0,5,0.5585215732119939
6.925,0.4,98.20380090084146,0,90,1.0,5,0.4268824928008548
6.93,0.39638828650057273,92.74127363349305,0,90,1.0,5,0.31425306460810415
6.935,0.38574763795443656,88.48579720411917,0,90,1.0,5,0.22651128255915806
6.94,0.36864417891908974,85.47562070635212,0,90,1.0,5,0.16444578775983748
6.945,0.345965766895568,83.57616312899322,0,90,1.0,5,0.1252817139998601
6.95,0.3188456651783249,82.5659171942369,0,90,1.0,5,0.10445190091210109
6.955,0.28856891614190205,82.2077740060747,0,90,1.0,5,0.09706750527989073
6.96,0.2564721553719815,82.29359471173308,0,90,1.0,5,0.09883700436563048
6.965,0.22384764873847685,82.66255827345258,0,90,1.0,5,0.10644450048355825
6.97,0.19186090753201765,83.20095515387028,0,90,1.0,5,0.11754546709010891
6.975,0.16148868344343878,83.83258540626372,0,90,1.0,5,0.13056877126316943
6.98,0.1334809643017881,84.50688720883298,0,90,1.0,5,0.1444719012130511
6.985,0.10834733138818531,85.18879930614817,0,90,1.0,5,0.1585319444566633
6.99,0.08636519236690572,85.85174343024126,0,90,1.0,5,0.1722008954688919
6.995,0.06760532616242629,86.47356190947447,0,90,1.0,5,0.1850218950407107
7.0,0.05196904332202373,87.0346351717773,0,90,1.0,5,0.19659041591293394
7.005,0.03923107185803287,87.51735949791845,0,90,1.0,5,0.20654349480244225
7.01,0.02908287038705761,87.90635065364523,0,90,1.0,5,0.2145639310029945
7.015,0.02117220077308346,88.1889541011337,0,90,1.0,5,0.22039080620894233
7.02,0.0151361834125735,88.35580849564253,0,90,1.0,5,0.22383110300293885
7.025,0.010626454858290009,88.4013164549309,0,90,1.0,5,0.22476941144187437
7.03,0.007326255555493652,88.32394120303454,0,90,1.0,5,0.2231740454233925
7.035,0.004960179211183015,88.12628788072502,0,90,1.0,5,0.21909871919020651
7.04,0.0032978759379303545,87.8149564468404,0,90,1.0,5,0.21267951436784327
7.045,0.002153242296767213,87.40017534035806,0,90,1.0,5,0.20412732660532085
7.05,0.001380616732225004,86.89524350085946,0,90,1.0,5,0.1937163608424632
7.055,0.0008693106590991584,86.31582296936395,0,90,1.0,5,0.18176954576008145
7.06,0.000537524815942247,85.67913444059066,0,90,1.0,5,0.16864194722867337
7.065,0.0003263951340288585,85.00311320618148,0,90,1.0,5,0.15470336507590685
7.07,0.00019463030985187395,84.3055827268295,0,90,1.0,5,0.1403212933366907
7.075,0.00011397219555062695,83.60349793607864,0,90,1.0,5,0.12584531826966266
7.08,6.55403863487943e-05,82.91230113964602,0,90,1.0,5,0.11159383793084575
7.085,3.701184389455385e-05,82.24542123587032,0,90,1.0,5,0.09784373682206855
7.09,2.0525516217290957e-05,81.613933357956,0,90,1.0,5,0.08482336820527836
7.095,1.1178128483661116e-05,81.0263823663777,0,90,1.0,5,0.07270891477067429
7.1,5.978135409912517e-06,80.48876119719017,0,90,1.0,5,0.06162394221010664
7.105,3.1396702713238487e-06,80.00462491990231,0,90,1.0,5,0.05164175092582087
7.11,1.6192875458531019e-06,79.57531413717051,0,90,1.0,5,0.042789982209701205
7.115,8.201353897972012e-07,79.20025733794617,0,90,1.0,5,0.035056852328787
7.12,4.0791415086824765e-07,78.8773208986497,0,90,1.0,5,0.028398369044323704
7.125,1.9923866938774793e-07,78.60317721354771,0,90,1.0,5,0.02274592192881876
7.13,9.556527981051257e-08,78.37366531514834,0,90,1.0,5,0.01801371783811018
7.135,4.501406988770349e-08,78.18412359953327,0,90,1.0,5,0.014105641227490006
7.14,0.0,78.02968017202754,0,90,1.0,5,0.010921240660361643
7.145,0.0,77.90549221983429,0,90,1.0,5,0.008360664326480135
7.15,0.0,77.80693117491525,0,90,1.0,5,0.0063284778333041036
7.155,0.0,77.72971488846713,0,90,1.0,5,0.00473638945293049
7.16,0.0,77.66999140059843,0,90,1.0,5,0.003504977331926474
7.165,0.0,77.624381109498,0,90,1.0,5,0.002564558958721715
7.17,0.0,77.58998529958369,0,90,1.0,5,0.001855367001725527
7.175,0.0,77.56436923879633,0,90,1.0,5,0.001327200799924356
7.18,0.0,77.54552760933194,0,90,1.0,5,0.0009387135944730149
7.185,0.0,77.53183911478689,0,90,1.0,5,0.0006564765935441408
7.19,0.0,77.52201591751752,0,90,1.0,5,0.0004539364436602307
7.195,0.0,77.51505227902882,0,90,1.0,5,0.00031035626863550747
7.2,0.0,77.51017553839584,0,90,1.0,5,0.00020980491537818461
7.205,0.0,77.50680146081736,0,90,1.0,5,0.0001402363055125154
7.21,0.0,77.5044950721781,0,90,1.0,5,9.268190057942428e-05
7.215,0.0,77.50293738454126,0,90,1.0,5,6.056462971659852e-05
7.22,0.0,77.5018979055961,0,90,1.0,5,3.9132074146298636e-05
7.225,0.0,77.50121248974423,0,90,1.0,5,2.499978854089444e-05
7.23,0.0,77.50076589847964,0,90,1.0,6,1.5791721229734977e-05
7.235,0.0,77.50047835906365,0,90,1.0,6,9.863073477303842e-06
7.24,0.0,77.50029541087085,0,90,1.0,6,6.090945790679284e-06
7.245,0.0,77.50018038009229,0,90,1.0,6,3.7191771605897154e-06
7.25,0.0,77.50010890314022,0,90,1.0,6,2.2454255714627526e-06
7.255,0.0,77.5000650102546,0,90,1.0,6,1.3404176206560017e-06
7.26,0.0,77.50003837187288,0,90,1.0,6,7.911726366100336e-07
7.265,0.0,77.50002239410928,0,90,1.0,6,4.617342119555482e-07
7.27,0.0,77.500012922432,0,90,1.0,6,2.6644189703577083e-07
7.275,0.0,77.50000737300255,0,90,1.0,6,1.520206710571899e-07
7.28,0.001684486749771458,77.50000415943343,0,90,1.0,6,8.576151403242865e-08
7.285,0.004172395771277602,77.50000232013706,0,90,1.0,6,4.783787745772006e-08
7.29,0.009438687428818865,77.50000127962515,0,90,1.0,6,2.6384023763010605e-08
7.295,0.019500507867137046,77.50000069781701,0,90,1.0,6,1.4387979687394222e-08
7.3,0.03679496976339974,77.50000037626171,0,90,1.0,6,7.75797339771351e-09
7.305,0.06340728953298436,77.5000002005987,0,90,1.0,6,4.136055786523112e-09
7.31,0.09979255396093453,77.50000010574405,0,90,1.0,6,2.1802896899129167e-09
7.315,0.14343835518453557,77.50000005511545,0,90,1.0,6,1.1364010305507842e-09
7.32,0.18829581417209276,77.50000002840406,0,90,1.0,6,5.856507123473758e-10
7.325,0.2257481735193119,77.50000001447363,0,90,1.0,6,2.984253119534186e-10
7.33,0.24718154073554727,77.50000000729229,0,90,1.0,6,1.503564100257978e-10
7.335,0.24718154074102772,77.50000000363279,0,90,1.0,6,7.490292464166318e-11
7.34,0.22574817354072055,77.50000000178939,0,90,1.0,6,3.689460192111527e-11
7.345,0.18829581422840957,77.50000000087148,0,90,1.0,6,1.7968673513603357e-11
7.35,0.14343835532456656,77.50000000041966,0,90,1.0,6,8.652798981332584e-12
7.355,0.09979255431561854,77.50000000019982,0,90,1.0,6,4.119975838153719e-12
7.36,0.06340729067170194,77.50000000009408,0,90,1.0,6,1.9397084167966446e-12
7.365,0.03679497683410042,77.50000000004378,0,90,1.0,6,9.027555335574716e-13
7.37,0.019500578284482293,77.50000000002015,0,90,1.0,6,4.154843708485864e-13
7.375,0.009439396781978427,77.50000000000917,0,90,1.0,6,1.8898971734650088e-13
7.38,0.004178588733610924,77.50000000000412,0,90,1.0,6,8.497212097749652e-14
7.385,0.0017299316936037381,77.50000000000183,0,90,1.0,6,3.779794346930017e-14
7.39,0.0008997325756988589,77.50000000000081,0,90,1.0,6,1.67014168817838e-14
7.395,0.001634769674224814,77.50000000000036,0,90,1.0,6,7.32518284288763e-15
7.4,0.00614904736476635,77.50000000000016,0,90,1.0,6,3.2230804508705575e-15
7.405,0.02168080359963608,77.50000000000006,0,90,1.0,6,1.172029254862021e-15
7.41,0.06433400338904088,77.50000000000003,0,90,1.0,6,5.860146274310105e-16
7.415,0.1593410769217493,77.50000000000001,0,90,1.0,6,2.9300731371550523e-16
7.42,0.3291989194808569,77.5,0,90,1.0,6,0.0
7.425,0.5672906802982638,77.5,0,90,1.0,6,0.0
7.43,0.815339152120446,77.5,0,90,1.0,6,0.0
7.435,0.9768711246313155,77.50000284403532,1,90,1.0,6,5.8639903544616635e-08
7.44,0.9726380909165361,77.50000563434857,0,90,1.0,6,1.161721354257923e-07
7.445,0.7921091683291741,77.50001194034442,0,90,1.0,6,2.4619266848754496e-07
7.45,0.49139090102639077,77.50002813743002,0,90,1.0,6,5.801531963196297e-07
7.455,0.15739335672107918,77.50007456926916,0,90,1.0,6,1.5375107043195215e-06
7.46,-0.11102342218909485,77.50021555237494,0,90,1.0,6,4.444378864730322e-06
7.465,-0.2314207883647528,77.50064634651709,0,90,1.0,6,1.332673231106653e-05
7.47,-0.2029124434754801,77.50192715835341,0,90,1.0,6,3.973522378166224e-05
7.475,-0.11151350554305876,77.50556436458237,0,90,1.0,6,0.00011472916664678985
7.48,-0.039430666652076896,77.5153360380951,0,90,1.0,6,0.0003162069710329893
7.485,-0.006087703519843621,77.54004933030063,0,90,1.0,6,0.0008257593876419144
7.49,0.005350271385530551,77.59872426259801,0,90,1.0,6,0.002035551806144569
7.495,0.010381647827441833,77.72927397114614,0,90,1.0,6,0.004727298374147262
7.5,0.015115203303506243,78.0011213460085,0,90,1.0,6,0.01033239888677326
7.505,0.021170964062928475,78.53026214977955,0,90,1.0,6,0.02124251855215558
7.51,0.029082821134029553,79.49175422945842,0,90,1.0,6,0.041067097514606646
7.515,0.03923107061708144,81.12018821167895,0,90,1.0,6,0.0746430559109062
7.52,0.051969043308817596,83.68572301825407,0,90,1.0,6,0.12754068078874364
7.525,0.06760532616283861,87.43548636982642,0,90,1.0,6,0.204855389068586
7.53,0.08636519236693461,92.5008021671065,0,90,1.0,6,0.30929489004343297
7.535,0.10834733138818661,98.78935026029112,0,90,1.0,6,0.4389556754699199
7.54,0.1334809643017884,105.90117170753103,0,90,1.0,6,0.585591169227444
7.545,0.16148868344343945,113.11621193300405,0,90,1.0,6,0.7343548852165784
7.55,0.191860907532018,119.48749438013431,0,90,1.0,6,0.8657215336110167
7.555,0.22384764873847726,124.03653874510518,0,90,1.0,6,0.9595162627856737
7.56,0.25647215537198226,126.0,0,90,1.0,6,1.0
7.565,0.2885689161419028,125.04326482741723,0,90,1.0,6,0.9802735015962316
7.57,0.31884566517832524,121.35937653466117,0,90,1.0,6,0.9043170419517766
7.575,0.3459657668955683,115.61360140385835,0,90,1.0,6,0.7858474516259455
7.58,0.3686441789190902,108.75594891707162,0,90,1.0,6,0.6444525549911674
7.585,0.3857476379544367,101.77461151529064,0,90,1.0,6,0.5005074539235185
7.59,0.3963882865005728,95.47810717617381,0,90,1.0,6,0.37068262218915066
7.595,0.4,90.36949924832,0,90,1.0,6,0.26535049996536075
7.6,0.39638828650057273,86.62992216347705,0,90,1.0,6,0.18824581780365046
7.605,0.38574763795443656,84.18612234560806,0,90,1.0,6,0.1378581926929496
7.61,0.36864417891908974,82.81567309579101,0,90,1.0,6,0.1096015071297116
7.615,0.345965766895568,82.24668045311486,0,90,1.0,6,0.09786970006422396
7.62,0.3188456651783249,82.22677563441158,0,90,1.0,6,0.09745929143116662
7.625,0.28856891614190205,82.55618463062414,0,90,1.0,6,0.10425122949740505
7.63,0.2564721553719815,83.09295775268306,0,90,1.0,6,0.11531871655016625
7.635,0.22384764873847685,83.74288099322293,0,90,1.0,6,0.12871919573655516
7.64,0.19186090753201765,84.44470761789947,0,90,1.0,6,0.1431898477917416
7.645,0.16148868344343878,85.15701212826306,0,90,1.0,6,0.15787653872707344
7.65,0.1334809643017881,85.84902108131057,0,90,1.0,6,0.17214476456310449
7.655,0.10834733138818531,86.49535961413758,0,90,1.0,6,0.18547133225025947
7.66,0.08636519236690572,87.07368281210313,0,90,1.0,6,0.1973955218990336
7.665,0.06760532616242629,87.56407233300035,0,90,1.0,6,0.2075066460412444
7.67,0.05196904332202373,87.94934169797176,0,90,1.0,6,0.21545034428807755
7.675,0.03923107185803287,88.21569761819234,0,90,1.0,6,0.22094221893180077
7.68,0.02908287038705761,88.35343302302121,0,90,1.0,6,0.22378212418600435
7.685,0.02117220077308346,88.35747043745516,0,90,1.0,6,0.22386536984443636
7.69,0.0151361834125735,88.22765859398775,0,90,1.0,6,0.22118883698943825
7.695,0.010626454858290009,87.96877763919233,0,90,1.0,6,0.21585108534417166
7.7,0.007326255555493652,87.59024579975109,0,90,1.0,6,0.20804630514950698
7.705,0.004960179211183015,87.10555038207744,0,90,1.0,6,0.19805258519747296
7.71,0.0032978759379303545,86.53145038403952,0,90,1.0,6,0.18621547183586631
7.715,0.002153242296767213,85.88701624442398,0,90,1.0,6,0.17292816998812321
7.72,0.001380616732225004,85.1925832624303,0,90,1.0,6,0.1586099641738207
7.725,0.0008693106590991584,84.46869833167638,0,90,1.0,6,0.14368450168404903
7.73,0.000537524815942247,83.73513500639436,0,90,1.0,6,0.1285594846679249
7.735,0.0003263951340288585,83.0100405618299,0,90,1.0,6,0.11360908374907003
7.74,0.00019463030985187395,82.30926233944837,0,90,1.0,6,0.09916004823604879
7.745,0.00011397219555062695,81.6458814331628,0,90,1.0,6,0.08548209140541854
7.75,6.55403863487943e-05,81.02996195780577,0,90,1.0,6,0.07278272077950036
7.755,3.701184389455385e-05,80.46850585648903,0,90,1.0,6,0.06120630631936147
7.76,2.0525516217290957e-05,79.96558814237727,0,90,1.0,6,0.05083686891499528
7.765,1.1178128483661116e-05,79.52263674653703,0,90,1.0,6,0.04170385044406251
7.77,5.978135409912517e-06,79.13881522901951,0,90,1.0,6,0.03379000472205183
7.775,3.1396702713238487e-06,78.81146536827063,0,90,1.0,6,0.02704052305712643
7.78,1.6192875458531019e-06,78.53656943790337,0,90,1.0,6,0.02137256572996633
7.785,8.201353897972012e-07,78.30919783276481,0,90,1.0,6,0.016684491397212564
7.79,4.0791415086824765e-07,78.12391547782335,0,90,1.0,6,0.012864236656151455
7.795,1.9923866938774793e-07,77.97512900761184,0,90,1.0,6,0.009796474383749296
7.8,9.556527981051257e-08,77.85736504432592,0,90,1.0,6,0.007368351429400348
7.805,4.501406988770349e-08,77.76547726284619,0,90,1.0,6,0.005473757996828657
7.81,0.0,77.69478581665143,0,90,1.0,6,0.00401620240518417
7.815,0.0,77.6411568854654,0,90,1.0,6,0.00291045124670941
7.82,0.0,77.60103260291042,0,90,1.0,6,0.002083146451761279
7.825,0.0,77.57142261616407,0,90,1.0,6,0.0014726312611148655
7.83,0.0,77.54986831612662,0,90,1.0,6,0.0010282127036416499
7.835,0.0,77.53438970032784,0,90,1.0,6,0.0007090659861409428
7.84,0.0,77.52342323181401,0,90,1.0,6,0.00048295323327850095
7.845,0.0,77.5157572338132,0,90,1.0,6,0.0003248914188289516
7.85,0.0,77.5104695467323,0,90,1.0,6,0.0002158669429339278
7.855,0.0,77.50687053439142,0,90,1.0,6,0.0001416605029159711
7.86,0.0,77.50445315583923,0,90,1.0,6,9.18176461696771e-05
7.865,0.0,77.50285075573734,0,90,1.0,6,5.8778468811167315e-05
7.87,0.0,77.50180246507347,0,90,1.0,6,3.7164228318914934e-05
7.875,0.0,77.50112561130648,0,90,1.0,6,2.320848054592744e-05
7.88,0.0,77.50069426420308,0,90,1.0,6,1.4314725836628867e-05
7.885,0.0,77.50042293715272,0,90,1.0,6,8.720353664334793e-06
7.89,0.0,77.50025447295847,0,90,1.0,6,5.246865123178123e-06
7.895,0.0,77.5001512245073,0,90,1.0,6,3.1180310784715326e-06
7.9,0.0,77.50008876003304,0,90,1.0,6,1.8301037739641372e-06
7.905,0.0,77.50005145498665,0,90,1.0,6,1.0609275597237956e-06
7.91,0.0,77.50002946132142,0,90,1.0,6,6.074499261445715e-07
7.915,0.0,77.50001666064122,0,90,1.0,6,3.4351837571521924e-07
7.92,0.001684486749771458,77.50000930563341,0,90,1.0,6,1.9186873015014592e-07
7.925,0.004172395771277602,77.50000513351583,0,90,1.0,6,1.0584568716572885e-07
7.93,0.009438687428818865,77.50000279703956,0,90,1.0,6,5.767091868891811e-08
7.935,0.019500507867137046,77.50000150520984,0,90,1.0,6,3.103525438474236e-08
7.94,0.03679496976339974,77.50000080003728,0,90,1.0,6,1.649561411176899e-08
7.945,0.06340728953298436,77.50000041998922,0,90,1.0,6,8.659571552381805e-09
7.95,0.09979255396093453,77.50000021776135,0,90,1.0,6,4.48992482139972e-09
7.955,0.14343835518453557,77.50000011151626,0,90,1.0,6,2.2993042796198217e-09
7.96,0.18829581417209276,77.50000005640405,0,90,1.0,6,1.162970054736565e-09
7.965,0.2257481735193119,77.50000002817715,0,90,1.0,6,5.809722645692803e-10
7.97,0.24718154073554727,77.50000001390269,0,90,1.0,6,2.866534501175845e-10
7.975,0.24718154074102772,77.5000000067751,0,90,1.0,6,1.396927018504357e-10
7.98,0.22574817354072055,77.50000000326096,0,90,1.0,6,6.723638827829698e-11
7.985,0.18829581422840957,77.50000000155022,0,90,1.0,6,3.196328883128332e-11
7.99,0.14343835532456656,77.50000000072787,0,90,1.0,6,1.5007541601194463e-11
7.995,0.09979255431561854,77.50000000033754,0,90,1.0,6,6.9595097153706806e-12
8.0,0.06340729067170194,77.5000000001546,0,90,1.0,6,3.1876265659109813e-12
8.005,0.03679497683410042,77.50000000006995,0,90,1.0,6,1.4421819981077167e-12
8.01,0.019500578284482293,77.50000000003125,0,90,1.0,6,6.44323082860396e-13
8.015,0.009439396781978427,77.50000000001378,0,90,1.0,6,2.8421709430404007e-13
8.02,0.004178588733610924,77.50000000000601,0,90,1.0,6,1.239420937016587e-13
8.025,0.0017299316936037381,77.50000000000259,0,90,1.0,6,5.332733109622195e-14
8.03,0.0008997325756988589,77.5000000000011,0,90,1.0,6,2.25615631560939e-14
8.035,0.001634769674224814,77.50000000000045,0,90,1.0,6,9.376234038896167e-15
8.04,0.00614904736476635,77.50000000000018,0,90,1.0,6,3.809095078301568e-15
8.045,0.02168080359963608,77.50000000000007,0,90,1.0,6,1.465036568577526e-15
8.05,0.06433400338904088,77.50000000000003,0,90,1.0,6,5.860146274310105e-16
8.055,0.1593410769217493,77.50000000000001,0,90,1.0,6,2.9300731371550523e-16
8.06,0.3291989194808569,77.5,0,90,1.0,6,0.0
8.065,0.5672906802982638,77.5,0,90,1.0,6,0.0
8.07,0.815339152120446,77.5,0,90,1.0,6,0.0
8.075,0.9768711246313155,77.5000028564677,1,90,1.0,6,5.889624128602796e-08
8.08,0.9726380909165361,77.50000545335169,0,90,1.0,6,1.1244024103548654e-07
8.085,0.7921091683291741,77.50001103870419,0,90,1.0,6,2.2760214818910904e-07
8.09,0.49139090102639077,77.50002451145392,0,90,1.0,6,5.053908023807342e-07
8.095,0.15739335672107918,77.50006056508865,0,90,1.0,6,1.2487647143423357e-06
8.1,-0.11102342218909485,77.500163159277,0,90,1.0,6,3.364108803999002e-06
8.105,-0.2314207883647528,77.50045963921588,0,90,1.0,6,9.477097234556608e-06
8.11,-0.2029124434754801,77.50130157200853,0,90,1.0,6,2.6836536258334144e-05
8.115,-0.11151350554305876,77.50360621062502,0,90,1.0,6,7.435485824789184e-05
8.12,-0.039430666652076896,77.50962435840236,0,90,1.0,6,0.0001984403794301553
8.125,-0.006087703519843621,77.5245336611205,0,90,1.0,6,0.0005058486828969172
8.13,0.005350271385530551,77.55946841825335,0,90,1.0,6,0.0012261529536772287
8.135,0.010381647827441833,77.63674715233715,0,90,1.0,6,0.002819528914168054
8.14,0.015115203303506243,77.79792448353166,0,90,1.0,6,0.006142772856322871
8.145,0.021170964062928475,78.11453494517251,0,90,1.0,6,0.012670823611804292
8.15,0.029082821134029553,78.69968859351175,0,90,1.0,6,0.0247358472889021
8.155,0.03923107061708144,79.71601941372563,0,90,1.0,6,0.04569112193248727
8.16,0.051969043308817596,81.3726112396058,0,90,1.0,6,0.07984765442486191
8.165,0.06760532616283861,83.90214348528451,0,90,1.0,6,0.13200295845947446
8.17,0.08636519236693461,87.51194056320449,0,90,1.0,6,0.2064317641897833
8.175,0.10834733138818661,92.31057839827544,0,90,1.0,6,0.305372750479906
8.18,0.1334809643017884,98.22445209684186,0,90,1.0,6,0.42730829065653314
8.185,0.16148868344343945,104.93176617201091,0,90,1.0,6,0.5656034262270291
8.19,0.191860907532018,111.84734002058431,0,90,1.0,6,0.7081925777440065
8.195,0.22384764873847726,118.18353745375319,0,90,1.0,6,0.8388358237887256
8.2,0.25647215537198226,123.08912705128517,0,90,1.0,6,0.9399820010574262
8.205,0.2885689161419028,125.83623498218132,0,90,1.0,6,0.9966234016944603
8.21,0.31884566517832524,126.0,0,90,1.0,6,1.0
8.215,0.3459657668955683,123.57027949337669,0,90,1.0,6,0.9499026699665296
8.22,0.3686441789190902,118.95531468006659,0,90,1.0,6,0.8547487562900329
8.225,0.3857476379544367,112.8759914170416,0,90,1.0,6,0.7294018848874557
8.23,0.3963882865005728,106.18868862199935,0,90,1.0,6,0.5915193530309144
8.235,0.4,99.69679952472116,0,90,1.0,6,0.45766596958187955
8.24,0.39638828650057273,94.00737257354771,0,90,1.0,6,0.3403581973927363
8.245,0.38574763795443656,89.46469600444867,0,90,1.0,6,0.24669476297832307
8.25,0.36864417891908974,86.1609302263463,0,90,1.0,6,0.1785758809555937
8.255,0.345965766895568,83.99956239812894,0,90,1.0,6,0.1340115958377102
8.26,0.3188456651783249,82.77835198542279,0,90,1.0,6,0.10883199969943892
8.265,0.28856891614190205,82.26364992927617,0,90,1.0,6,0.09821958617064268
8.27,0.2564721553719815,82.24082003149722,0,90,1.0,6,0.0977488666288087
8.275,0.22384764873847685,82.53843885242503,0,90,1.0,6,0.1038853371634027
8.28,0.19186090753201765,83.03228371198631,0,90,1.0,6,0.11406770540177957
8.285,0.16148868344343878,83.63787548612598,0,90,1.0,6,0.12655413373455623
8.29,0.1334809643017881,84.29912711951967,0,90,1.0,6,0.14018818803133334
8.295,0.10834733138818531,84.97779720332112,0,90,1.0,6,0.15418138563548694
8.3,0.08636519236690572,85.64573159835365,0,90,1.0,6,0.167953228832034
8.305,0.06760532616242629,86.28008889382897,0,90,1.0,6,0.18103276069750462
8.31,0.05196904332202373,86.86092112745918,0,90,1.0,6,0.19300868304039542
8.315,0.03923107185803287,87.37030590214425,0,90,1.0,6,0.2035114618998815
8.32,0.02908287038705761,87.79235702367464,0,90,1.0,6,0.2122135468798895
8.325,0.02117220077308346,88.11364773149214,0,90,1.0,6,0.2188380975565389
8.33,0.0151361834125735,88.32375687702194,0,90,1.0,6,0.22317024488705023
8.335,0.010626454858290009,88.41576824699521,0,90,1.0,6,0.2250673865359838
8.34,0.007326255555493652,88.38662664092895,0,90,1.0,6,0.22446652867894748
8.345,0.004960179211183015,88.2372990391203,0,90,1.0,6,0.22138760905402685
8.35,0.0032978759379303545,87.97271905935307,0,90,1.0,6,0.21593235173923853
8.355,0.002153242296767213,87.60151563015489,0,90,1.0,6,0.20827867278669882
8.36,0.001380616732225004,87.1355455413843,0,90,1.0,6,0.19867104209039801
8.365,0.0008693106590991584,86.58926483861305,0,90,1.0,6,0.18740752244562983
8.37,0.000537524815942247,85.97898542150867,0,90,1.0,6,0.17482444168059108
8.375,0.0003263951340288585,85.32207004119032,0,90,1.0,6,0.16127979466371783
8.38,0.00019463030985187395,84.63612080609002,0,90,1.0,6,0.1471365114657736
8.385,0.00011397219555062695,83.93821340240603,0,90,1.0,6,0.1327466680908461
8.39,6.55403863487943e-05,83.24422209684201,0,90,1.0,6,0.11843756900705173
8.395,3.701184389455385e-05,82.5682702000534,0,90,1.0,6,0.10450041649594649
8.4,2.0525516217290957e-05,81.92232827693294,0,90,1.0,6,0.09118202632851431
8.405,1.1178128483661116e-05,81.31596934262296,0,90,1.0,6,0.0786797802602673
8.41,5.978135409912517e-06,80.7562778662365,0,90,1.0,6,0.06713974981930931
8.415,3.1396702713238487e-06,80.24789870051464,0,90,1.0,6,0.056657705165250295
8.42,1.6192875458531019e-06,79.79320384552783,0,90,1.0,6,0.047282553516037676
8.425,8.201353897972012e-07,79.39254966509434,0,90,1.0,6,0.03902164257926466
8.43,4.0791415086824765e-07,79.04459487797472,0,90,1.0,6,0.03184731707164365
8.435,1.9923866938774793e-07,78.74665010120292,0,90,1.0,7,0.025704125797998287
8.44,9.556527981051257e-08,78.4950324497986,0,90,1.0,7,0.02051613298553815
8.445,4.501406988770349e-08,78.28540306685832,0,90,1.0,7,0.0161938776671819
8.45,0.0,78.11307078741693,0,90,1.0,7,0.012640634792101656
8.455,0.0,77.97325077488534,0,90,1.0,7,0.00975774793578028
8.46,0.0,77.86127235160261,0,90,1.0,7,0.007448914466033154
8.465,0.0,77.7727349529587,0,90,1.0,7,0.005623401091931963
8.47,0.0,77.70361489944557,0,90,1.0,7,0.004198245349393168
8.475,0.0,77.65032838439267,0,90,1.0,7,0.0030995543173745416
8.48,0.0,77.60975772765077,0,90,1.0,7,0.002263045930943784
8.485,0.0,77.57924865595666,0,90,1.0,7,0.0016339929063229112
8.49,0.0,77.55658631135569,0,90,1.0,7,0.001166728069189428
8.495,0.0,77.53995706181816,0,90,1.0,7,0.0008238569447042692
8.5,0.0,77.5279021961484,0,90,1.0,7,0.000575303013369142
8.505,0.0,77.5192684114055,0,90,1.0,7,0.00039728683310320627
8.51,0.0,77.51315879480705,0,90,1.0,7,0.000271315356846487
8.515,0.0,77.50888687354049,0,90,1.0,7,0.00018323450598948688
8.52,0.0,77.50593532585206,0,90,1.0,7,0.0001223778526198859
8.525,0.0,77.50392015117043,0,90,1.0,7,8.082785918419439e-05
8.53,0.0,77.5025604938901,0,90,1.0,7,5.279368845569395e-05
8.535,0.0,77.50165389279071,0,90,1.0,7,3.4100882282752264e-05
8.54,0.0,77.5010564614286,0,90,1.0,7,2.1782709868122447e-05
8.545,0.0,77.5006673637583,0,90,1.0,7,1.3760077490646321e-05
8.55,0.0,77.50041690228181,0,90,1.0,7,8.595923336355385e-06
8.555,0.0,77.50025755418267,0,90,1.0,7,5.310395518912647e-06
8.56,0.0,77.50015734959284,0,90,1.0,7,3.2443215018505274e-06
8.565,0.0,77.5000950660219,0,90,1.0,7,1.9601241628662914e-06
8.57,0.0,77.5000567999168,0,90,1.0,7,1.1711323052683848e-06
8.575,0.0,77.50003356083515,0,90,1.0,7,6.91975982456909e-07
8.58,0.0,77.50001961013126,0,90,1.0,7,4.0433260332084156e-07
8.585,0.0,77.50001133159184,0,90,1.0,7,2.3364106877378027e-07
8.59,0.0,77.50000647536162,0,90,1.0,7,1.3351261063502365e-07
8.595,0.0,77.50000365931513,0,90,1.0,7,7.544979642205494e-08
8.6,0.0,77.50000204502338,0,90,1.0,7,4.216543049654685e-08
8.605,0.0,77.50000113021072,0,90,1.0,7,2.3303313807830526e-08
8.61,0.0,77.50000061770804,0,90,1.0,7,1.2736248234751216e-08
8.615,0.0,77.50000033386414,0,90,1.0,7,6.8837966255065934e-09
8.62,0.001684486749771458,77.50000017845099,0,90,1.0,7,3.6794018370463013e-09
8.625,0.004172395771277602,77.50000009432587,0,90,1.0,7,1.9448632944668417e-09
8.63,0.009438687428818865,77.50000004930664,0,90,1.0,7,1.0166316540037479e-09
8.635,0.019500507867137046,77.5000000254884,0,90,1.0,7,5.255341087850519e-10
8.64,0.03679496976339974,77.50000001302995,0,90,1.0,7,2.686586989530605e-10
8.645,0.06340728953298436,77.50000000658727,0,90,1.0,7,1.3582002418505787e-10
8.65,0.09979255396093453,77.5000000032933,0,90,1.0,7,6.790297991699976e-11
8.655,0.14343835518453557,77.50000000162824,0,90,1.0,7,3.3571898983581445e-11
8.66,0.18829581417209276,77.5000000007961,0,90,1.0,7,1.6414562721656317e-11
8.665,0.2257481735193119,77.50000000038493,0,90,1.0,7,7.936689106611891e-12
8.67,0.24718154073554727,77.50000000018406,0,90,1.0,7,3.795030727243224e-12
8.675,0.24718154074102772,77.50000000008704,0,90,1.0,7,1.7946697965074695e-12
8.68,0.22574817354072055,77.5000000000407,0,90,1.0,7,8.39172946481207e-13
8.685,0.18829581422840957,77.50000000001882,0,90,1.0,7,3.879416833593289e-13
8.69,0.14343835532456656,77.50000000000861,0,90,1.0,7,1.7756243211159617e-13
8.695,0.09979255431561854,77.5000000000039,0,90,1.0,7,8.028400395804844e-14
8.7,0.06340729067170194,77.50000000000173,0,90,1.0,7,3.574689227329164e-14
8.705,0.03679497683410042,77.50000000000077,0,90,1.0,7,1.5822394940637283e-14
8.71,0.019500578284482293,77.50000000000034,0,90,1.0,7,7.032175529172126e-15
8.715,0.009439396781978427,77.50000000000014,0,90,1.0,7,2.930073137155052e-15
8.72,0.004178588733610924,77.50000000000006,0,90,1.0,7,1.172029254862021e-15
8.725,0.0017299316936037381,77.50000000000003,0,90,1.0,7,5.860146274310105e-16
8.73,0.0008997325756988589,77.50000000000001,0,90,1.0,7,2.9300731371550523e-16
8.735,0.001634769674224814,77.5,0,90,1.0,7,0.0
8.74,0.00614904736476635,77.5,0,90,1.0,7,0.0
8.745,0.02168080359963608,77.5,0,90,1.0,7,0.0
8.75,0.06433400338904088,77.50000284586159,1,90,1.0,7,5.8677558500516847e-08
8.755,0.1593410769217493,77.50000540621835,0,90,1.0,7,1.1146841957598394e-07
8.76,0.3291989194808569,77.5000108768639,0,90,1.0,7,2.2426523498287464e-07
8.765,0.5672906802982638,77.5000239632854,0,90,1.0,7,4.940883587719842e-07
8.77,0.815339152120446,77.50005866103898,0,90,1.0,7,1.2095059582978926e-06
8.775,0.9768711246313155,77.5001565274914,0,90,1.0,7,3.2273709566722866e-06
8.78,0.9726380909165361,77.50043717338163,0,90,1.0,7,9.013884157259303e-06
8.785,0.7921091683291741,77.50122904689188,0,90,1.0,7,2.534117302843697e-05
8.79,0.49139090102639077,77.50338542462353,0,90,1.0,7,6.980256955733511e-05
8.795,0.15739335672107918,77.50899344295689,0,90,1.0,7,0.0001854318135441804
8.8,-0.11102342218909485,77.52284424176906,0,90,1.0,7,0.00047101529420751363
8.805,-0.2314207883647528,77.55523138800068,0,90,1.0,7,0.0011387915051686152
8.81,-0.2029124434754801,77.62679470536686,0,90,1.0,7,0.002614323821997157
8.815,-0.11151350554305876,77.77602863433232,0,90,1.0,7,0.005691312048089076
8.82,-0.039430666652076896,78.06941882061071,0,90,1.0,7,0.011740594239396024
8.825,-0.006087703519843621,78.61264705687972,0,90,1.0,7,0.022941176430509753
8.83,0.005350271385530551,79.55887006289213,0,90,1.0,7,0.04245092913179641
8.835,0.010381647827441833,81.10733409746567,0,90,1.0,7,0.07437802262815808
8.84,0.015115203303506243,83.4840347084959,0,90,1.0,7,0.12338215893805975
8.845,0.021170964062928475,86.89791075708786,0,90,1.0,7,0.19377135581624447
8.85,0.029082821134029553,91.47290531438892,0,90,1.0,7,0.28810114050286445
8.855,0.03923107061708144,97.16780461229023,0,90,1.0,7,0.40552174458330364
8.86,0.051969043308817596,103.70838557386074,0,90,1.0,7,0.5403790839971286
8.865,0.06760532616283861,110.56339952140614,0,90,1.0,7,0.6817195777609514
8.87,0.08636519236693461,116.9905505634757,0,90,1.0,7,0.8142381559479525
8.875,0.10834733138818661,122.1585552525796,0,90,1.0,7,0.9207949536614352
8.88,0.1334809643017884,125.32204653102696,0,90,1.0,7,0.9860215779593187
8.885,0.16148868344343945,126.0,0,90,1.0,7,1.0
8.89,0.191860907532018,124.09929318952061,0,90,1.0,7,0.960810168856095
8.895,0.22384764873847726,119.94001348411793,0,90,1.0,7,0.8750518244148026
8.9,0.25647215537198226,114.17337664266108,0,90,1.0,7,0.7561520957249708
8.905,0.2885689161419028,107.62152108345802,0,90,1.0,7,0.6210622903805777
8.91,0.31884566517832524,101.0936464742221,0,90,1.0,7,0.4864669376128268
8.915,0.3459657668955683,95.23476363020654,0,90,1.0,7,0.3656652294887947
8.92,0.3686441789190902,90.4435854989949,0,90,1.0,7,0.2668780515256682
8.925,0.3857476379544367,86.86645009682657,0,90,1.0,7,0.19312268240879524
8.93,0.3963882865005728,84.44866361769579,0,90,1.0,7,0.14327141479785124
8.935,0.4,83.01238886958782,0,90,1.0,7,0.11365750246572832
8.94,0.39638828650057273,82.33219786893802,0,90,1.0,7,0.09963294575129947
8.945,0.38574763795443656,82.19037236159303,0,90,1.0,7,0.09670870848645433
8.95,0.36864417891908974,82.4067713597822,0,90,1.0,7,0.10117054350066387
8.955,0.345965766895568,82.84733349045737,0,90,1.0,7,0.11025429877231697
8.96,0.3188456651783249,83.41925731830845,0,90,1.0,7,0.12204654264553512
8.965,0.28856891614190205,84.06060249564256,0,90,1.0,7,0.13527015454933106
8.97,0.2564721553719815,84.7296112585338,0,90,1.0,7,0.14906414966049059
8.975,0.22384764873847685,85.39633568541677,0,90,1.0,7,0.16281104506013966
8.98,0.19186090753201765,86.03717687645855,0,90,1.0,7,0.17602426549399064
8.985,0.16148868344343878,86.63190565549688,0,90,1.0,7,0.18828671454632742
8.99,0.1334809643017881,87.16241124326619,0,90,1.0,7,0.19922497408796272
8.995,0.10834733138818531,87.61248306715446,0,90,1.0,7,0.20850480550833933
9.0,0.08636519236690572,87.96811794886472,0,90,1.0,7,0.21583748348174672
9.005,0.06760532616242629,88.21802622801505,0,90,1.0,7,0.22099023150546493
9.01,0.05196904332202373,88.35414161770949,0,90,1.0,7,0.2237967343857626
9.015,0.03923107185803287,88.37202232834514,0,90,1.0,7,0.22416540883185854
9.02,0.02908287038705761,88.27108106749418,0,90,1.0,7,0.22208414572152949
9.025,0.02117220077308346,88.05461363524023,0,90,1.0,7,0.21762089969567486
9.03,0.0151361834125735,87.7296191903864,0,90,1.0,7,0.21091998330693612
9.035,0.010626454858290009,87.30642415743608,0,90,1.0,7,0.20219431252445533
9.04,0.007326255555493652,86.79813742453794,0,90,1.0,7,0.19171417370181323
9.045,0.004960179211183015,86.21997675578243,0,90,1.0,7,0.17979333517077167
9.05,0.0032978759379303545,85.58851459767371,0,90,1.0,7,0.16677349685925172
9.055,0.002153242296767213,84.92089522273513,0,90,1.0,7,0.15300814892237374
9.06,0.001380616732225004,84.2340743273611,0,90,1.0,7,0.13884689334765155
9.065,0.0008693106590991584,83.54412713946391,0,90,1.0,7,0.1246211781332765
9.07,0.000537524815942247,82.86566255613282,0,90,1.0,7,0.11063221765222306
9.075,0.0003263951340288585,82.2113698868779,0,90,1.0,7,0.09714164715212173
9.08,0.00019463030985187395,81.59171264922182,0,90,1.0,7,0.08436520926230553
9.085,0.00011397219555062695,81.0147717845139,0,90,1.0,7,0.07246952133018345
9.09,6.55403863487943e-05,80.48622973646444,0,90,1.0,7,0.06157174714359665
9.095,3.701184389455385e-05,80.00947792665202,0,90,1.0,7,0.0517418129206603
9.1,2.0525516217290957e-05,79.58582382558662,0,90,1.0,7,0.04300667681621888
9.105,1.1178128483661116e-05,79.21477027933115,0,90,1.0,7,0.03535608823363192
9.11,5.978135409912517e-06,78.89433892375651,0,90,1.0,7,0.02874925615992798
9.115,3.1396702713238487e-06,78.62141105818226,0,90,1.0,7,0.02312187748829404
9.12,1.6192875458531019e-06,78.39206273455854,0,90,1.0,7,0.018393046073371874
9.125,8.201353897972012e-07,78.20187543065295,0,90,1.0,7,0.014471658363978296
9.13,4.0791415086824765e-07,78.04620888776554,0,90,1.0,7,0.01126203892300092
9.135,1.9923866938774793e-07,77.9204279351801,0,90,1.0,7,0.00866861722020826
9.14,9.556527981051257e-08,77.82007993256983,0,90,1.0,7,0.0065995862385531045
9.145,4.501406988770349e-08,77.74102351106553,0,90,1.0,7,0.004969556929186289
9.15,0.0,77.67951239873214,0,90,1.0,7,0.003701286571796767
9.155,0.0,77.63224022257143,0,90,1.0,7,0.0027266025272458896
9.16,0.0,77.59635333975864,0,90,1.0,7,0.0019866667991471345
9.165,0.0,77.56943909521827,0,90,1.0,7,0.0014317339220262168
9.17,0.0,77.54949660528963,0,90,1.0,7,0.0010205485626728467
9.175,0.0,77.53489641831816,0,90,1.0,7,0.000719513779755774
9.18,0.0,77.52433438497737,0,90,1.0,7,0.0005017398964405191
9.185,0.0,77.51678394216378,0,90,1.0,7,0.0003460606631707969
9.19,0.0,77.51144989895161,0,90,1.0,7,0.0002360803907548608
9.195,0.0,77.50772579914724,0,90,1.0,7,0.00015929482777810147
9.2,0.0,77.50515607531464,0,90,1.0,7,0.00010631083122978725
9.205,0.0,77.50340352677404,0,90,1.0,7,7.017580977394714e-05
9.21,0.0,77.50222214896947,0,90,1.0,7,4.581750452506846e-05
9.215,0.0,77.50143499784357,0,90,1.0,7,2.9587584403599846e-05
9.22,0.0,77.50091656528996,0,90,1.0,7,1.8898253401142864e-05
9.225,0.0,77.50057904143834,0,90,1.0,7,1.1938998728714274e-05
9.23,0.0,77.50036181782804,0,90,1.0,7,7.460161402809014e-06
9.235,0.0,77.50022361676467,0,90,1.0,7,4.610654941678749e-06
9.24,0.0,77.50013669506535,0,90,1.0,7,2.818454955680882e-06
9.245,0.0,77.50008264857955,0,90,1.0,7,1.7040944237109704e-06
9.25,0.0,77.50004942560916,0,90,1.0,7,1.0190847250055179e-06
9.255,0.0,77.50002923497637,0,90,1.0,7,6.027830178735121e-07
9.26,0.0,77.50001710360048,0,90,1.0,7,3.5265155637829334e-07
9.265,0.0,77.50000989706493,0,90,1.0,7,2.0406319438350074e-07
9.27,0.0,77.50000566447123,0,90,1.0,7,1.1679322127063117e-07
9.275,0.001684486749771458,77.50000320661198,0,90,1.0,7,6.611571089922212e-08
9.28,0.004172395771277602,77.50000179542606,0,90,1.0,7,3.7019093989544774e-08
9.285,0.009438687428818865,77.50000099431209,0,90,1.0,7,2.0501280178652132e-08
9.29,0.019500507867137046,77.50000054464309,0,90,1.0,7,1.1229754354363397e-08
9.295,0.03679496976339974,77.50000029507699,0,90,1.0,7,6.084061584429552e-09
9.3,0.06340728953298436,77.50000015812218,0,90,1.0,7,3.2602510656811926e-09
9.305,0.09979255396093453,77.50000008380778,0,90,1.0,7,1.727995396256879e-09
9.31,0.14343835518453557,77.50000004393492,0,90,1.0,7,9.058745964119732e-10
9.315,0.18829581417209276,77.50000002278082,0,90,1.0,7,4.697077183101503e-10
9.32,0.2257481735193119,77.50000001168324,0,90,1.0,7,2.408915678614969e-10
9.325,0.24718154073554727,77.5000000059264,0,90,1.0,7,1.221937190607183e-10
9.33,0.24718154074102772,77.5000000029734,0,90,1.0,7,6.130709227795003e-11
9.335,0.22574817354072055,77.50000000147553,0,90,1.0,7,3.0423242390394625e-11
9.34,0.18829581422840957,77.50000000072423,0,90,1.0,7,1.4932531728883294e-11
9.345,0.14343835532456656,77.50000000035159,0,90,1.0,7,7.249293948635315e-12
9.35,0.09979255431561854,77.50000000016882,0,90,1.0,7,3.4809268869402023e-12
9.355,0.06340729067170194,77.50000000008018,0,90,1.0,7,1.6531472639828805e-12
9.36,0.03679497683410042,77.50000000003766,0,90,1.0,7,7.764693813460888e-13
9.365,0.019500578284482293,77.5000000000175,0,90,1.0,7,3.606920031837869e-13
9.37,0.009439396781978427,77.50000000000804,0,90,1.0,7,1.6584213956297595e-13
9.375,0.004178588733610924,77.50000000000365,0,90,1.0,7,7.530287962488484e-14
9.38,0.0017299316936037381,77.50000000000165,0,90,1.0,7,3.3988848390998606e-14
9.385,0.0008997325756988589,77.50000000000072,0,90,1.0,7,1.4943372999490767e-14
9.39,0.001634769674224814,77.50000000000033,0,90,1.0,7,6.73916821545662e-15
9.395,0.00614904736476635,77.50000000000014,0,90,1.0,7,2.930073137155052e-15
9.4,0.02168080359963608,77.50000000000006,0,90,1.0,7,1.172029254862021e-15
9.405,0.06433400338904088,77.50000000000003,0,90,1.0,7,5.860146274310105e-16
9.41,0.1593410769217493,77.50000000000001,0,90,1.0,7,2.9300731371550523e-16
9.415,0.3291989194808569,77.5,0,90,1.0,7,0.0
9.42,0.5672906802982638,77.5,0,90,1.0,7,0.0
9.425,0.815339152120446,77.5,0,90,1.0,7,0.0
9.43,0.9768711246313155,77.50000285066528,1,90,1.0,7,5.8776603762772095e-08
9.435,0.9726380909165361,77.50000533774794,0,90,1.0,7,1.1005665847620811e-07
9.44,0.7921091683291741,77.50001055134113,0,90,1.0,7,2.1755342544631426e-07
9.445,0.49139090102639077,77.50002272509559,0,90,1.0,7,4.685586719629616e-07
9.45,0.15739335672107918,77.50005414678377,0,90,1.0,7,1.1164285312949602e-06
9.455,-0.11102342218909485,77.500140505292,0,90,1.0,7,2.8970163297926024e-06
9.46,-0.2314207883647528,77.50038258369432,0,90,1.0,7,7.888323594182947e-06
9.465,-0.2029124434754801,77.5010527695429,0,90,1.0,7,2.1706588513294712e-05
9.47,-0.11151350554305876,77.50284972513398,0,90,1.0,7,5.875721925740811e-05
9.475,-0.039430666652076896,77.50746597756105,0,90,1.0,7,0.00015393768167121978
9.48,-0.006087703519843621,77.51876169890194,0,90,1.0,7,0.0003868391526173268
9.485,0.005350271385530551,77.54500396355465,0,90,1.0,7,0.000927916774322657
9.49,0.010381647827441833,77.60277510805538,0,90,1.0,7,0.0021190743928944885
9.495,0.015115203303506243,77.72313394409493,0,90,1.0,7,0.004600699878245889
9.5,0.021170964062928475,77.96019364845812,0,90,1.0,7,0.009488528834187958
9.505,0.029082821134029553,78.40119339193035,0,90,1.0,7,0.018581307050110282
9.51,0.03923107061708144,79.17526941030879,0,90,1.0,7,0.034541637325954354
9.515,0.051969043308817596,80.45579048450003,0,90,1.0,7,0.06094413370103151
9.52,0.06760532616283861,82.44931195947832,0,90,1.0,7,0.10204766926759427
9.525,0.08636519236693461,85.36455622127653,0,90,1.0,7,0.16215579837683566
9.53,0.10834733138818661,89.35900055276574,0,90,1.0,7,0.24451547531475742
9.535,0.1334809643017884,94.46913761169944,0,90,1.0,7,0.3498791260144214
9.54,0.16148868344343945,100.54136540845477,0,90,1.0,7,0.47507969914339726
9.545,0.191860907532018,107.18914743882308,0,90,1.0,7,0.612147369872641
9.55,0.22384764873847726,113.8027021799891,0,90,1.0,7,0.7485093232987443
9.555,0.25647215537198226,119.62609966806052,0,90,1.0,7,0.868579374599186
9.56,0.2885689161419028,123.89459021136328,0,90,1.0,7,0.9565894888940882
9.565,0.31884566517832524,126.0,0,90,1.0,7,1.0
9.57,0.3459657668955683,125.63555232071732,0,90,1.0,7,0.992485614860151
9.575,0.3686441789190902,122.8728829839707,0,90,1.0,7,0.9355233604942412
9.58,0.3857476379544367,118.14488894980822,0,90,1.0,7,0.8380389474187262
9.585,0.3963882865005728,112.14032116465883,0,90,1.0,7,0.7142334260754398
9.59,0.4,105.64571806451514,0,90,1.0,7,0.5803240838044358
9.595,0.39638828650057273,99.38474665898676,0,90,1.0,7,0.4512318898760156
9.6,0.38574763795443656,93.89946334087666,0,90,1.0,7,0.3381332647603436
9.605,0.36864417891908974,89.49722210145336,0,90,1.0,7,0.24736540415367753
9.61,0.345965766895568,86.26179009897115,0,90,1.0,7,0.18065546595816798
9.615,0.3188456651783249,84.10837075711324,0,90,1.0,7,0.1362550671569739
9.62,0.28856891614190205,82.85525798893129,0,90,1.0,7,0.11041769049342856
9.625,0.2564721553719815,82.28893368935184,0,90,1.0,7,0.09874090081137807
9.63,0.22384764873847685,82.20954302821511,0,90,1.0,7,0.09710397996319811
9.635,0.19186090753201765,82.45412614899202,0,90,1.0,7,0.1021469309070519
9.64,0.16148868344343878,82.9020248457851,0,90,1.0,8,0.11138195558319808
9.645,0.1334809643017881,83.46956389310165,0,90,1.0,8,0.1230837916103433
9.65,0.10834733138818531,84.1004855952502,0,90,1.0,8,0.13609248650000424
9.655,0.08636519236690572,84.75645137662403,0,90,1.0,8,0.14961755415719646
9.66,0.06760532616242629,85.40966434514888,0,90,1.0,8,0.16308586278657491
9.665,0.05196904332202373,86.0380544133898,0,90,1.0,8,0.17604235903896498
9.67,0.03923107185803287,86.62263152761466,0,90,1.0,8,0.18809549541473522
9.675,0.02908287038705761,87.14635512742458,0,90,1.0,8,0.1988939201530842
9.68,0.02117220077308346,87.59392038235315,0,90,1.0,8,0.20812206973924013
9.685,0.0151361834125735,87.95201971947535,0,90,1.0,8,0.21550556122629577
9.69,0.010626454858290009,88.20979239540345,0,90,1.0,8,0.22082046176089595
9.695,0.007326255555493652,88.35928803931012,0,90,1.0,8,0.2239028461713426
9.7,0.004960179211183015,88.3958424677883,0,90,1.0,8,0.22465654572759378
9.705,0.0032978759379303545,88.31830826653777,0,90,1.0,8,0.22305790240284062
9.71,0.002153242296767213,88.12911092076266,0,90,1.0,8,0.21915692620129187
9.715,0.001380616732225004,87.83412164429782,0,90,1.0,8,0.21307467307830563
9.72,0.0008693106590991584,87.44235443924178,0,90,1.0,8,0.20499699874725325
9.725,0.000537524815942247,86.96550861191454,0,90,1.0,8,0.19516512601885658
9.73,0.0003263951340288585,86.41738895346812,0,90,1.0,8,0.18386368976222928
9.735,0.00019463030985187395,85.81324358973214,0,90,1.0,8,0.171407084324374
9.74,0.00011397219555062695,85.16906367666229,0,90,1.0,8,0.15812502426107813
9.745,6.55403863487943e-05,84.5008894969962,0,90,1.0,8,0.14434823705146793
9.75,3.701184389455385e-05,83.82416428298873,0,90,1.0,8,0.1303951398554378
9.755,2.0525516217290957e-05,83.15317077049401,0,90,1.0,8,0.11656022207204154
9.76,1.1178128483661116e-05,82.50057687127921,0,90,1.0,8,0.10310467775833418
9.765,5.978135409912517e-06,81.8771068894783,0,90,1.0,8,0.09024962658718141
9.77,3.1396702713238487e-06,81.29134441020258,0,90,1.0,8,0.07817204969489863
9.775,1.6192875458531019e-06,80.74966329577829,0,90,1.0,8,0.06700336692326372
9.78,8.201353897972012e-07,80.25627492189922,0,90,1.0,8,0.05683041076080865
9.785,4.0791415086824765e-07,79.81337343151264,0,90,1.0,8,0.04769842126830195
9.79,1.9923866938774793e-07,79.42135668043277,0,90,1.0,8,0.03961560165840754
9.795,9.556527981051257e-08,79.07909874103451,0,90,1.0,8,0.032558736928546675
9.8,4.501406988770349e-08,78.78425013843707,0,90,1.0,8,0.026479384297671618
9.805,0.0,78.5335440627456,0,90,1.0,8,0.021310186860734128
9.81,0.0,78.32309016640502,0,90,1.0,8,0.016970931266082963
9.815,0.0,78.14864170879353,0,90,1.0,8,0.013374055851413066
9.82,0.0,78.00582625821215,0,90,1.0,8,0.010429407385817584
9.825,0.0,77.89033447553675,0,90,1.0,8,0.008048133516221589
9.83,0.0,77.79806535061086,0,90,1.0,8,0.006145677332182583
9.835,0.0,77.72522941908457,0,90,1.0,8,0.0046439055481354696
9.84,0.0,77.66841384122971,0,90,1.0,8,0.0034724503346331417
9.845,0.0,77.62461476063879,0,90,1.0,8,0.0025693765080163334
9.85,0.0,77.59124314265756,0,90,1.0,8,0.001881301910465172
9.855,0.0,77.5661104364004,0,90,1.0,8,0.0013631017814514075
9.86,0.0,77.54740005593854,0,90,1.0,8,0.0009773207410008
9.865,0.0,77.53362998903987,0,90,1.0,8,0.0006934018358735332
9.87,0.0,77.52361095963337,0,90,1.0,8,0.00048682390996646063
9.875,0.0,77.51640361595736,0,90,1.0,8,0.00033821888571872985
9.88,0.0,77.51127728584574,0,90,1.0,8,0.00023252135764404482
9.885,0.0,77.50767200055635,0,90,1.0,8,0.0001581855784815344
9.89,0.0,77.50516477853803,0,90,1.0,8,0.00010649027913466187
9.895,0.0,77.503440597138,0,90,1.0,8,7.094014717516253e-05
9.9,0.0,77.5022680623265,0,90,1.0,8,4.676417168027292e-05
9.905,0.0,77.50147950074185,0,90,1.0,8,3.0505169935078867e-05
9.91,0.0,77.50095502431975,0,90,1.0,8,1.9691223087647813e-05
9.915,0.0,77.50061003213925,0,90,1.0,8,1.2577982252566668e-05
9.92,0.0,77.50038559380044,0,90,1.0,8,7.95038763803906e-06
9.925,0.0,77.50024118284321,0,90,1.0,8,4.9728421280745995e-06
9.93,0.0,77.50014928006648,0,90,1.0,8,3.0779395150644987e-06
9.935,0.0,77.50009143158961,0,90,1.0,8,1.8851874146323622e-06
9.94,0.0,77.50005541530939,0,90,1.0,8,1.1425836987655202e-06
9.945,0.0,77.50003323550604,0,90,1.0,8,6.852681657310126e-07
9.95,0.0,77.50001972485731,0,90,1.0,8,4.06698088869403e-07
9.955,0.0,77.50001158415837,0,90,1.0,8,2.3884862622891006e-07
9.96,0.0,77.50000673215557,0,90,1.0,8,1.388073313198229e-07
9.965,0.0,77.5000038715319,0,90,1.0,8,7.982540004489884e-08
9.97,0.0,77.50000220318306,0,90,1.0,8,4.542645480852894e-08
9.975,0.0,77.5000012406731,0,90,1.0,8,2.5580888665065207e-08
9.98,0.0,77.50000069135831,0,90,1.0,8,1.4254810500376349e-08
9.985,0.001684486749771458,77.50000038123086,0,90,1.0,8,7.860430144122352e-09
9.99,0.004172395771277602,77.50000020802328,0,90,1.0,8,4.289139801632287e-09
9.995,0.009438687428818865,77.5000001123246,0,90,1.0,8,2.315971121638587e-09
10.0,0.019500507867137046,77.50000006001736,0,90,1.0,8,1.237471266351124e-09
10.005,0.03679496976339974,77.50000003173349,0,90,1.0,8,6.542988098631541e-10
10.01,0.06340728953298436,77.50000001660344,0,90,1.0,8,3.4233890407458886e-10
10.015,0.09979255396093453,77.50000000859642,0,90,1.0,8,1.772456912054697e-10
10.02,0.14343835518453557,77.50000000440428,0,90,1.0,8,9.080999869596425e-11
10.025,0.18829581417209276,77.50000000223291,0,90,1.0,8,4.603936018217619e-11
10.03,0.2257481735193119,77.50000000112023,0,90,1.0,8,2.3097473532879562e-11
10.035,0.24718154073554727,77.50000000055614,0,90,1.0,8,1.1466841222256297e-11
10.04,0.24718154074102772,77.5000000002732,0,90,1.0,8,5.633065606180588e-12
10.045,0.22574817354072055,77.50000000013281,0,90,1.0,8,2.738446353985112e-12
10.05,0.18829581422840957,77.50000000006389,0,90,1.0,8,1.3173608824649115e-12
10.055,0.14343835532456656,77.50000000003041,0,90,1.0,8,6.270356513511812e-13
10.06,0.09979255431561854,77.50000000001432,0,90,1.0,8,2.953513722252293e-13
10.065,0.06340729067170194,77.50000000000668,0,90,1.0,8,1.3771343744628745e-13
10.07,0.03679497683410042,77.50000000000308,0,90,1.0,8,6.358258707626464e-14
10.075,0.019500578284482293,77.5000000000014,0,90,1.0,8,2.9007724057835016e-14
10.08,0.009439396781978427,77.50000000000064,0,90,1.0,8,1.3185329117197736e-14
10.085,0.004178588733610924,77.50000000000028,0,90,1.0,8,5.860146274310104e-15
10.09,0.0017299316936037381,77.50000000000013,0,90,1.0,8,2.637065823439547e-15
10.095,0.0008997325756988589,77.50000000000006,0,90,1.0,8,1.172029254862021e-15
10.1,0.001634769674224814,77.50000000000003,0,90,1.0,8,5.860146274310105e-16
10.105,0.00614904736476635,77.50000000000001,0,90,1.0,8,2.9300731371550523e-16
10.11,0.02168080359963608,77.5,0,90,1.0,8,0.0
10.115,0.06433400338904088,77.5,0,90,1.0,8,0.0
10.12,0.1593410769217493,77.5,0,90,1.0,8,0.0
10.125,0.3291989194808569,77.5000028559769,1,90,1.0,8,5.888612169243417e-08
10.13,0.5672906802982638,77.50000532279577,0,90,1.0,8,1.0974836643597264e-07
10.135,0.815339152120446,77.50001046219916,0,90,1.0,8,2.1571544653177382e-07
10.14,0.9768711246313155,77.50002236973569,0,90,1.0,8,4.612316636845095e-07
10.145,0.9726380909165361,77.50005283830866,0,90,1.0,8,1.0894496631291197e-06
10.15,0.7921091683291741,77.50013587363745,0,90,1.0,8,2.8015182978772817e-06
10.155,0.49139090102639077,77.5003669090899,0,90,1.0,8,7.5651358743344485e-06
10.16,0.15739335672107918,77.50100252957115,0,90,1.0,8,2.0670712807275814e-05
10.165,-0.11102342218909485,77.50269808759987,0,90,1.0,8,5.563067216221545e-05
10.17,-0.2314207883647528,77.50703606177477,0,90,1.0,8,0.00014507343865504256
10.175,-0.2029124434754801,77.51761760128413,0,90,1.0,8,0.0003632495110129813
10.18,-0.11151350554305876,77.54214594810216,0,90,1.0,8,0.0008689886206630927
10.185,-0.039430666652076896,77.59607148804095,0,90,1.0,8,0.001980855423524708
10.19,-0.006087703519843621,77.70836641529843,0,90,1.0,8,0.004296214748421203
10.195,0.005350271385530551,77.9296371645962,0,90,1.0,8,0.00885849823909693
10.2,0.010381647827441833,78.34181317749781,0,90,1.0,8,0.017356972731913653
10.205,0.015115203303506243,79.06694003244453,0,90,1.0,8,0.032308041906072886
10.21,0.021170964062928475,80.27039973466908,0,90,1.0,8,0.05712164401379555
10.215,0.029082821134029553,82.15204812412557,0,90,1.0,8,0.09591851802320765
10.22,0.03923107061708144,84.91878188632971,0,90,1.0,8,0.15296457497587032
10.225,0.051969043308817596,88.73551809123555,0,90,1.0,8,0.23166016682959892
10.23,0.06760532616283861,93.65914328335853,0,90,1.0,8,0.33317821202801096
10.235,0.08636519236693461,99.57021109016665,0,90,1.0,8,0.4550558987663227
10.24,0.10834733138818661,106.12601860410251,0,90,1.0,8,0.5902271877134538
10.245,0.1334809643017884,112.76070620171899,0,90,1.0,8,0.7270248701385359
10.25,0.16148868344343945,118.74904589712469,0,90,1.0,8,0.8504957916932926
10.255,0.191860907532018,123.33095343606797,0,90,1.0,8,0.9449681120838758
10.26,0.22384764873847726,125.86982346258154,0,90,1.0,8,0.9973159476820935
10.265,0.25647215537198226,126.0,0,90,1.0,8,1.0
10.27,0.2885689161419028,123.71659365765862,0,90,1.0,8,0.9529194568589406
10.275,0.31884566517832524,119.37750327034487,0,90,1.0,8,0.8634536756772139
10.28,0.3459657668955683,113.61693373312906,0,90,1.0,8,0.7446790460438981
10.285,0.3686441789190902,107.1994396772741,0,90,1.0,8,0.6123595809747238
10.29,0.3857476379544367,100.86092501705839,0,90,1.0,8,0.48166855705275036
10.295,0.3963882865005728,95.1817546936844,0,90,1.0,8,0.3645722617254515
10.3,0.4,90.51987078315264,0,90,1.0,8,0.26845094398252867
10.305,0.39638828650057273,87.00790995248987,0,90,1.0,8,0.1960393804637086
10.31,0.38574763795443656,84.59832904861847,0,90,1.0,8,0.14635729997151478
10.315,0.36864417891908974,83.1310525189016,0,90,1.0,8,0.11610417564745562
10.32,0.345965766895568,82.3997557140502,0,90,1.0,8,0.10102589101134435
10.325,0.3188456651783249,82.20156942287257,0,90,1.0,8,0.09693957572933126
10.33,0.28856891614190205,82.36525669130226,0,90,1.0,8,0.10031457095468585
10.335,0.2564721553719815,82.7606535757584,0,90,1.0,8,0.1084670840362556
10.34,0.22384764873847685,83.29581260087586,0,90,1.0,8,0.11950129073970851
10.345,0.19186090753201765,83.90842695672737,0,90,1.0,8,0.1321325145716983
10.35,0.16148868344343878,84.5563214845295,0,90,1.0,8,0.14549116462947434
10.355,0.1334809643017881,85.20957635581584,0,90,1.0,8,0.15896033723331632
10.36,0.10834733138818531,85.84509877246532,0,90,1.0,8,0.1720638922157798
10.365,0.08636519236690572,86.44344703944434,0,90,1.0,8,0.18440096988545024
10.37,0.06760532616242629,86.9873203919718,0,90,1.0,8,0.19561485344271767
10.375,0.05196904332202373,87.46110737664404,0,90,1.0,8,0.2053836572503925
10.38,0.03923107185803287,87.85101771835403,0,90,1.0,8,0.21342304573925833
10.385,0.02908287038705761,88.14547665780357,0,90,1.0,8,0.21949436407842413
10.39,0.02117220077308346,88.33558265324804,0,90,1.0,8,0.22341407532470184
10.395,0.0151361834125735,88.4155104714467,0,90,1.0,8,0.2250620715762205
10.4,0.010626454858290009,88.38279169046189,0,90,1.0,8,0.22438745753529662
10.405,0.007326255555493652,88.23843584842453,0,90,1.0,8,0.22141104842112433
10.41,0.004960179211183015,87.98687694430782,0,90,1.0,8,0.21622426689294483
10.415,0.0032978759379303545,87.63574669193319,0,90,1.0,8,0.20898446787491118
10.42,0.002153242296767213,87.19548983856592,0,90,1.0,8,0.1999070069807406
10.425,0.001380616732225004,86.67884832356206,0,90,1.0,8,0.18925460460952712
10.43,0.0008693106590991584,86.10024972200065,0,90,1.0,8,0.17732473653609598
10.435,0.000537524815942247,85.47514083173311,0,90,1.0,8,0.16443589343779616
10.44,0.0003263951340288585,84.8193091416906,0,90,1.0,8,0.15091359055032155
10.445,0.00019463030985187395,84.14823329326723,0,90,1.0,8,0.13707697511891184
10.45,0.00011397219555062695,83.4764988703321,0,90,1.0,8,0.12322678083158957
10.455,6.55403863487943e-05,82.81730856425602,0,90,1.0,8,0.10963522812899018
10.46,3.701184389455385e-05,82.18210679415621,0,90,1.0,8,0.096538284415592
10.465,2.0525516217290957e-05,81.58032915007796,0,90,1.0,8,0.0841304979397517
10.47,1.1178128483661116e-05,81.01927748638333,0,90,1.0,8,0.07256242239965631
10.475,5.978135409912517e-06,80.50411293388099,0,90,1.0,8,0.06194047286352556
10.48,3.1396702713238487e-06,80.0379521490593,0,90,1.0,8,0.05232891028988234
10.485,1.6192875458531019e-06,79.62204717610366,0,90,1.0,8,0.043753550022755945
10.49,8.201353897972012e-07,79.25602651946383,0,90,1.0,8,0.03620673236007898
10.495,4.0791415086824765e-07,78.93817434270727,0,90,1.0,8,0.029653079231077746
10.5,1.9923866938774793e-07,78.66572586716714,0,90,1.0,8,0.024035584890044124
10.505,9.556527981051257e-08,78.4351596525627,0,90,1.0,8,0.019281642320880477
10.51,4.501406988770349e-08,78.24247104050093,0,90,1.0,8,0.01530868124744187
10.515,0.0,78.08341515681951,0,90,1.0,8,0.01202917849112397
10.52,0.0,77.9537120638225,0,90,1.0,8,0.009354887913865843
10.525,0.0,77.84921056697603,0,90,1.0,8,0.007200217875794358
10.53,0.0,77.7660105476462,0,90,1.0,8,0.005484753559715538
10.535,0.0,77.70054635288413,0,90,1.0,8,0.004134976348126429
10.54,0.0,77.64963566223828,0,90,1.0,8,0.003085271386356329
10.545,0.0,77.61049939044275,0,90,1.0,8,0.002278337947273288
10.55,0.0,77.58075865645289,0,90,1.0,8,0.0016651269371729105
10.555,0.0,77.55841477639846,0,90,1.0,8,0.0012044283793497855
10.56,0.0,77.5418177616279,0,90,1.0,8,0.0008622218892349844
10.565,0.0,77.52962806422242,0,90,1.0,8,0.00061088792211179
10.57,0.0,77.52077543867118,0,90,1.0,8,0.0004283595602305116
10.575,0.0,77.51441788504393,0,90,1.0,8,0.000297275980287135
10.58,0.0,77.50990278488175,0,90,1.0,8,0.00020418113158238505
10.585,0.0,77.50673158853434,0,90,1.0,8,0.00013879563988322056
10.59,0.0,77.50452879027938,0,90,1.0,8,9.337711916247929e-05
10.595,0.0,77.50301544414165,0,90,1.0,8,6.217410601345935e-05
10.6,0.0,77.50198712321371,0,90,1.0,8,4.097161265379787e-05
10.605,0.0,77.50129599324023,0,90,1.0,8,2.6721510107915127e-05
10.61,0.0,77.5008365369072,0,90,1.0,8,1.724818365362845e-05
10.615,0.0,77.50053440671559,0,90,1.0,8,1.1018695166751864e-05
10.62,0.0,77.50033788050787,0,90,1.0,8,6.966608409713219e-06
10.625,0.0,77.50021142619804,0,90,1.0,8,4.359303052273596e-06
10.63,0.0,77.5001309359467,0,90,1.0,8,2.6997102412392965e-06
10.635,0.0,77.50008025339538,0,90,1.0,8,1.6547091831267307e-06
10.64,0.0,77.5000486824436,0,90,1.0,8,1.0037617238191797e-06
10.645,0.0,77.50002922710189,0,90,1.0,8,6.026206575398581e-07
10.65,0.0,77.50001736615083,0,90,1.0,8,3.580649655356593e-07
10.655,0.0,77.5000102123529,0,90,1.0,8,2.1056397741565739e-07
10.66,0.0,77.5000059436399,0,90,1.0,8,1.2254927640373652e-07
10.665,0.0,77.50000342360457,0,90,1.0,8,7.058978490397177e-08
10.67,0.001684486749771458,77.50000195172728,0,90,1.0,8,4.024179968406109e-08
10.675,0.004172395771277602,77.500001101182,0,90,1.0,8,2.270478337299416e-08
10.68,0.009438687428818865,77.5000006148986,0,90,1.0,8,1.2678321567851602e-08
10.685,0.019500507867137046,77.50000033982265,0,90,1.0,8,7.006652541096309e-09
10.69,0.03679496976339974,77.50000018586842,0,90,1.0,8,3.832338469476678e-09
10.695,0.06340728953298436,77.50000010061513,0,90,1.0,8,2.0745386622759717e-09
10.7,0.09979255396093453,77.50000005390454,0,90,1.0,8,1.1114338773490858e-09
10.705,0.14343835518453557,77.50000002858195,0,90,1.0,8,5.893185779004665e-10
10.71,0.18829581417209276,77.50000001499902,0,90,1.0,8,3.092580853487946e-10
10.715,0.2257481735193119,77.50000000779002,0,90,1.0,8,1.6061899118868336e-10
10.72,0.24718154073554727,77.50000000400422,0,90,1.0,8,8.256125680024534e-11
10.725,0.24718154074102772,77.50000000203705,0,90,1.0,8,4.20011333845491e-11
10.73,0.22574817354072055,77.50000000102563,0,90,1.0,8,2.1146923845475444e-11
10.735,0.18829581422840957,77.50000000051108,0,90,1.0,8,1.053771503046443e-11
10.74,0.14343835532456656,77.50000000025204,0,90,1.0,8,5.196777716058201e-12
10.745,0.09979255431561854,77.50000000012302,0,90,1.0,8,2.5365643148351288e-12
10.75,0.06340729067170194,77.50000000005943,0,90,1.0,8,1.225356585958243e-12
10.755,0.03679497683410042,77.50000000002841,0,90,1.0,8,5.85721620117295e-13
10.76,0.019500578284482293,77.50000000001344,0,90,1.0,8,2.7718491877486797e-13
10.765,0.009439396781978427,77.5000000000063,0,90,1.0,8,1.298022399759688e-13
10.77,0.004178588733610924,77.50000000000291,0,90,1.0,8,6.006649931167857e-14
10.775,0.0017299316936037381,77.50000000000134,0,90,1.0,8,2.7542687489257492e-14
10.78,0.0008997325756988589,77.50000000000061,0,90,1.0,8,1.2599314489766724e-14
10.785,0.001634769674224814,77.50000000000027,0,90,1.0,8,5.567138960594599e-15
10.79,0.00614904736476635,77.50000000000011,0,90,1.0,8,2.344058509724042e-15
10.795,0.02168080359963608,77.50000000000006,0,90,1.0,8,1.172029254862021e-15
10.8,0.06433400338904088,77.50000000000003,0,90,1.0,8,5.860146274310105e-16
10.805,0.1593410769217493,77.50000000000001,0,90,1.0,8,2.9300731371550523e-16
10.81,0.3291989194808569,77.5,0,90,1.0,8,0.0
10.815,0.5672906802982638,77.5,0,90,1.0,8,0.0
10.82,0.815339152120446,77.5,0,90,1.0,8,0.0
10.825,0.9768711246313155,77.50000284586159,1,90,1.0,8,5.8677558500516847e-08
10.83,0.9726380909165361,77.50000554640805,0,90,1.0,8,1.1435892881458993e-07
10.835,0.7921091683291741,77.50001151682932,0,90,1.0,8,2.374603983045426e-07
10.84,0.49139090102639077,77.50002643002445,0,90,1.0,8,5.449489576934416e-07
10.845,0.15739335672107918,77.50006790101995,0,90,1.0,9,1.4000210298195504e-06
10.85,-0.11102342218909485,77.50019028911501,0,90,1.0,9,3.923486907442379e-06
10.855,-0.2314207883647528,77.50055528372543,0,90,1.0,9,1.1449148977995606e-05
10.86,-0.2029124434754801,77.5016191003873,0,90,1.0,9,3.338351314024416e-05
10.865,-0.11151350554305876,77.50459268016454,0,90,1.0,9,9.469443638216635e-05
10.87,-0.039430666652076896,77.51248521717368,0,90,1.0,9,0.00025742715822012853
10.875,-0.006087703519843621,77.53227388620262,0,90,1.0,9,0.0006654409526312796
10.88,0.005350271385530551,77.57900721106344,0,90,1.0,9,0.0016290146611018807
10.885,0.010381647827441833,77.68277725789753,0,90,1.0,9,0.003768603255619115
10.89,0.015115203303506243,77.89914273187748,0,90,1.0,9,0.008229747049020112
10.895,0.021170964062928475,78.32227751227126,0,90,1.0,9,0.01695417551074755
10.9,0.029082821134029553,79.09751100293126,0,90,1.0,9,0.03293837119445889
10.905,0.03923107061708144,80.42630442384339,0,90,1.0,9,0.06033617368749259
10.91,0.051969043308817596,82.55354337917821,0,90,1.0,9,0.10419677070470533
10.915,0.06760532616283861,85.72706210298368,0,90,1.0,9,0.16963014645327176
10.92,0.08636519236693461,90.12554414875623,0,90,1.0,9,0.26032049791249967
10.925,0.10834733138818661,95.76438236317041,0,90,1.0,9,0.3765852033643384
10.93,0.1334809643017884,102.40631247838554,0,90,1.0,9,0.5135322160491865
10.935,0.16148868344343945,109.51624731799802,0,90,1.0,9,0.6601288106803715
10.94,0.191860907532018,116.29749655462248,0,90,1.0,9,0.7999483825695357
10.945,0.22384764873847726,121.82388594751711,0,90,1.0,9,0.9138945556189095
10.95,0.25647215537198226,125.24436869130892,0,90,1.0,9,0.9844199730166788
10.955,0.2885689161419028,126.0,0,90,1.0,9,1.0
10.96,0.31884566517832524,123.97778706854874,0,90,1.0,9,0.9583048880113142
10.965,0.3459657668955683,119.54358950815404,0,90,1.0,9,0.8668781341887432
10.97,0.3686441789190902,113.44132554854066,0,90,1.0,9,0.7410582587327972
10.975,0.3857476379544367,106.59703250521925,0,90,1.0,9,0.599938814540603
10.98,0.3963882865005728,99.89899699454637,0,90,1.0,9,0.46183498957827557
10.985,0.4,94.02516929242782,0,90,1.0,9,0.3407251400500581
10.99,0.39638828650057273,89.3603322958374,0,90,1.0,9,0.24454293393479165
10.995,0.38574763795443656,86.00561321118767,0,90,1.0,9,0.1753734682719106
11.0,0.36864417891908974,83.85152120488316,0,90,1.0,9,0.13095920010068363
11.005,0.345965766895568,82.67378992307566,0,90,1.0,9,0.10667608088815793
11.01,0.3188456651783249,82.21795644486333,0,90,1.0,9,0.09727745247140893
11.015,0.28856891614190205,82.25491311032039,0,90,1.0,9,0.09803944557361624
11.02,0.2564721553719815,82.60568848479885,0,90,1.0,9,0.10527192752162572
11.025,0.22384764873847685,83.14350119463039,0,90,1.0,9,0.11636084937382245
11.03,0.19186090753201765,83.78381880877807,0,90,1.0,9,0.12956327440779516
11.035,0.16148868344343878,84.47111934410529,0,90,1.0,9,0.14373441946608845
11.04,0.1334809643017881,85.16736816282359,0,90,1.0,9,0.15809006521285757
11.045,0.10834733138818531,85.84401473859923,0,90,1.0,9,0.17204154100204594
11.05,0.08636519236690572,86.47738375513784,0,90,1.0,9,0.18510069598222342
11.055,0.06760532616242629,87.04656798666497,0,90,1.0,9,0.1968364533332983
11.06,0.05196904332202373,87.53286735530213,0,90,1.0,9,0.2068632444392192
11.065,0.03923107185803287,87.92003875076709,0,90,1.0,9,0.21484615980963073
11.07,0.02908287038705761,88.1948762403954,0,90,1.0,9,0.22051291217310107
11.075,0.02117220077308346,88.34783554716185,0,90,1.0,9,0.22366671231261545
11.08,0.0151361834125735,88.37354028569607,0,90,1.0,9,0.22419670692156837
11.085,0.010626454858290009,88.27108106749418,0,90,1.0,9,0.22208414572152949
11.09,0.007326255555493652,88.04406438191086,0,90,1.0,9,0.21740338931774963
11.095,0.004960179211183015,87.70040053904515,0,90,1.0,9,0.21031753688752883
11.1,0.0032978759379303545,87.25184573884796,0,90,1.0,9,0.20106898430614353
11.105,0.002153242296767213,86.71333452777212,0,90,1.0,9,0.18996566036643545
11.11,0.001380616732225004,86.10215528685912,0,90,1.0,9,0.17736402653317765
11.115,0.0008693106590991584,85.43703209507676,0,90,1.0,9,0.16365014629024247
11.12,0.000537524815942247,84.73718067857484,0,90,1.0,9,0.14922022017680092
11.125,0.0003263951340288585,84.02140412721407,0,90,1.0,9,0.1344619407673004
11.13,0.00019463030985187395,83.30728624532938,0,90,1.0,9,0.11973786072844081
11.135,0.00011397219555062695,82.61052800894745,0,90,1.0,9,0.10537171152468978
11.14,6.55403863487943e-05,81.94445724555983,0,90,1.0,9,0.09163829372288314
11.145,3.701184389455385e-05,81.31972513974611,0,90,1.0,9,0.07875721937620848
11.15,2.0525516217290957e-05,80.74418725350604,0,90,1.0,9,0.06689045883517611
11.155,1.1178128483661116e-05,80.22295293316265,0,90,1.0,9,0.056143359446652476
11.16,5.978135409912517e-06,79.75857634759942,0,90,1.0,9,0.046568584486585886
11.165,3.1396702713238487e-06,79.35135557138227,0,90,1.0,9,0.038172279822314865
11.17,1.6192875458531019e-06,78.9997032039245,0,90,1.0,9,0.030921715544834992
11.175,8.201353897972012e-07,78.70055267993662,0,90,1.0,9,0.02475366350384785
11.18,4.0791415086824765e-07,78.44976802421002,0,90,1.0,9,0.01958284586000033
11.185,1.9923866938774793e-07,78.24253048240675,0,90,1.0,9,0.015309906853747415
11.19,9.556527981051257e-08,78.07368229950097,0,90,1.0,9,0.011828501020638621
11.195,4.501406988770349e-08,77.93801505095327,0,90,1.0,9,0.009031238163984913
11.2,0.0,77.8304966317818,0,90,1.0,9,0.006814363541892754
11.205,0.0,77.74643674394598,0,90,1.0,9,0.005081169978267584
11.21,0.0,77.68159517563214,0,90,1.0,9,0.0037442304254049416
11.215,0.0,77.63224022257143,0,90,1.0,9,0.0027266025272458896
11.22,0.0,77.59516631581924,0,90,1.0,9,0.0019621920787472524
11.225,0.0,77.56768046943643,0,90,1.0,9,0.0013954735966273202
11.23,0.0,77.54756679479637,0,90,1.0,9,0.0009807586555951992
11.235,0.0,77.53303732186714,0,90,1.0,9,0.0006811818941678587
11.24,0.0,77.52267598708985,0,90,1.0,9,0.00046754612556401535
11.245,0.0,77.51538112097494,0,90,1.0,9,0.0003171365149471419
11.25,0.0,77.51031027372,0,90,1.0,9,0.00021258296329886004
11.255,0.0,77.50682987606086,0,90,1.0,9,0.00014082218682191167
11.26,0.0,77.50447111531227,0,90,1.0,9,9.218794458289717e-05
11.265,0.0,77.50289253977044,0,90,1.0,9,5.963999526685941e-05
11.27,0.0,77.50184928236199,0,90,1.0,9,3.812953323686604e-05
11.275,0.0,77.50116838920664,0,90,1.0,9,2.4090499105981152e-05
11.28,0.0,77.50072951170684,0,90,1.0,9,1.5041478491477542e-05
11.285,0.0,77.50045012943687,0,90,1.0,9,9.281019316924508e-06
11.29,0.0,77.50027447512092,0,90,1.0,9,5.659280843666547e-06
11.295,0.0,77.50016539751311,0,90,1.0,9,3.4102580023678343e-06
11.3,0.0,77.50009849527245,0,90,1.0,9,2.03083035986901e-06
11.305,0.0,77.50005796451639,0,90,1.0,9,1.1951446677676826e-06
11.31,0.0,77.50003371083174,0,90,1.0,9,6.950686957497027e-07
11.315,0.0,77.50001937479605,0,90,1.0,9,3.9948033100493557e-07
11.32,0.0,77.50001100437119,0,90,1.0,9,2.2689425130939178e-07
11.325,0.001684486749771458,77.50000617666068,0,90,1.0,9,1.2735382837650157e-07
11.33,0.004172395771277602,77.50000342612084,0,90,1.0,9,7.064166682998944e-08
11.335,0.009438687428818865,77.5000018780711,0,90,1.0,9,3.872311552739345e-08
11.34,0.019500507867137046,77.50000101737673,0,90,1.0,9,2.097683983903181e-08
11.345,0.03679496976339974,77.50000054464309,0,90,1.0,9,1.1229754354363397e-08
11.35,0.06340728953298436,77.50000028813938,0,90,1.0,9,5.941018050939466e-09
11.355,0.09979255396093453,77.50000015064462,0,90,1.0,9,3.106074719306486e-09
11.36,0.14343835518453557,77.50000007783323,0,90,1.0,9,1.6048089684172924e-09
11.365,0.18829581417209276,77.50000003974084,0,90,1.0,9,8.193987619004887e-10
11.37,0.2257481735193119,77.50000002005254,0,90,1.0,9,4.134544161791654e-10
11.375,0.24718154073554727,77.50000000999913,0,90,1.0,9,2.061675641203861e-10
11.38,0.24718154074102772,77.50000000492737,0,90,1.0,9,1.0159530490651828e-10
11.385,0.22574817354072055,77.50000000239955,0,90,1.0,9,4.94751639428042e-11
11.39,0.18829581422840957,77.50000000115479,0,90,1.0,9,2.381006731983567e-11
11.395,0.14343835532456656,77.5000000005492,0,90,1.0,9,1.132385365316313e-11
11.4,0.09979255431561854,77.50000000025813,0,90,1.0,9,5.322184846328437e-12
11.405,0.06340729067170194,77.5000000001199,0,90,1.0,9,2.4721027058177174e-12
11.41,0.03679497683410042,77.50000000005502,0,90,1.0,9,1.1345243187064363e-12
11.415,0.019500578284482293,77.50000000002495,0,90,1.0,9,5.145208428844272e-13
11.42,0.009439396781978427,77.50000000001118,0,90,1.0,9,2.305967558941026e-13
11.425,0.004178588733610924,77.50000000000496,0,90,1.0,9,1.0225955248671133e-13
11.43,0.0017299316936037381,77.50000000000217,0,90,1.0,9,4.48301189984723e-14
11.435,0.0008997325756988589,77.50000000000094,0,90,1.0,9,1.9338482705223346e-14
11.44,0.001634769674224814,77.5000000000004,0,90,1.0,9,8.204204784034146e-15
11.445,0.00614904736476635,77.50000000000017,0,90,1.0,9,3.516087764586063e-15
11.45,0.02168080359963608,77.50000000000007,0,90,1.0,9,1.465036568577526e-15
11.455,0.06433400338904088,77.50000000000003,0,90,1.0,9,5.860146274310105e-16
11.46,0.1593410769217493,77.50000000000001,0,90,1.0,9,2.9300731371550523e-16
11.465,0.3291989194808569,77.5,0,90,1.0,9,0.0
11.47,0.5672906802982638,77.5,0,90,1.0,9,0.0
11.475,0.815339152120446,77.5,0,90,1.0,9,0.0
11.48,0.9768711246313155,77.5,1,90,1.0,9,0.0
11.485,0.9726380909165361,77.5,0,90,1.0,9,0.0
11.49,0.7921091683291741,77.5,0,90,1.0,9,0.0
11.495,0.49139090102639077,77.5,0,90,1.0,9,0.0
11.5,0.15739335672107918,77.5,0,90,1.0,9,0.0
11.505,-0.11102342218909485,77.5,0,90,1.0,9,0.0
11.51,-0.2314207883647528,77.5,0,90,1.0,9,0.0
11.515,-0.2029124434754801,77.5,0,90,1.0,9,0.0
11.52,-0.11151350554305876,77.5,0,90,1.0,9,0.0
11.525,-0.039430666652076896,77.5,0,90,1.0,9,0.0
11.53,-0.006087703519843621,77.5,0,90,1.0,9,0.0
11.535,0.005350271385530551,77.5,0,90,1.0,9,0.0
11.54,0.010381647827441833,77.5,0,90,1.0,9,0.0
11.545,0.015115203303506243,77.5,0,90,1.0,9,0.0
11.55,0.021170964062928475,77.5,0,90,1.0,9,0.0
11.555,0.029082821134029553,77.5,0,90,1.0,9,0.0
11.56,0.03923107061708144,77.5,0,90,1.0,9,0.0
11.565,0.051969043308817596,77.5,0,90,1.0,9,0.0
11.57,0.06760532616283861,77.5,0,90,1.0,9,0.0
11.575,0.08636519236693461,77.5,0,90,1.0,9,0.0
11.58,0.10834733138818661,77.5,0,90,1.0,9,0.0
11.585,0.1334809643017884,77.5,0,90,1.0,9,0.0
11.59,0.16148868344343945,77.5,0,90,1.0,9,0.0
11.595,0.191860907532018,77.5,0,90,1.0,9,0.0
11.6,0.22384764873847726,77.5,0,90,1.0,9,0.0
11.605,0.25647215537198226,77.5,0,90,1.0,9,0.0
11.61,0.2885689161419028,77.5,0,90,1.0,9,0.0
11.615,0.31884566517832524,77.5,0,90,1.0,9,0.0
11.62,0.3459657668955683,77.5,0,90,1.0,9,0.0
11.625,0.3686441789190902,77.5,0,90,1.0,9,0.0
11.63,0.3857476379544367,77.5,0,90,1.0,9,0.0
11.635,0.3963882865005728,77.5,0,90,1.0,9,0.0
11.64,0.4,77.5,0,90,1.0,9,0.0
11.645,0.39638828650057273,77.5,0,90,1.0,9,0.0
11.65,0.38574763795443656,77.5,0,90,1.0,9,0.0
11.655,0.36864417891908974,77.5,0,90,1.0,9,0.0
11.66,0.345965766895568,77.5,0,90,1.0,9,0.0
11.665,0.3188456651783249,77.5,0,90,1.0,9,0.0
11.67,0.28856891614190205,77.5,0,90,1.0,9,0.0
11.675,0.2564721553719815,77.5,0,90,1.0,9,0.0
11.68,0.22384764873847685,77.5,0,90,1.0,9,0.0
11.685,0.19186090753201765,77.5,0,90,1.0,9,0.0
11.69,0.16148868344343878,77.5,0,90,1.0,9,0.0
11.695,0.1334809643017881,77.5,0,90,1.0,9,0.0
11.7,0.10834733138818531,77.5,0,90,1.0,9,0.0
11.705,0.08636519236690572,77.5,0,90,1.0,9,0.0
11.71,0.06760532616242629,77.5,0,90,1.0,9,0.0
11.715,0.05196904332202373,77.5,0,90,1.0,9,0.0
11.72,0.03923107185803287,77.5,0,90,1.0,9,0.0
11.725,0.02908287038705761,77.5,0,90,1.0,9,0.0
11.73,0.02117220077308346,77.5,0,90,1.0,9,0.0
11.735,0.0151361834125735,77.5,0,90,1.0,9,0.0
11.74,0.010626454858290009,77.5,0,90,1.0,9,0.0
11.745,0.007326255555493652,77.5,0,90,1.0,9,0.0
11.75,0.004960179211183015,77.5,0,90,1.0,9,0.0
11.755,0.0032978759379303545,77.5,0,90,1.0,9,0.0
11.76,0.002153242296767213,77.5,0,90,1.0,9,0.0
11.765,0.001380616732225004,77.5,0,90,1.0,9,0.0
11.77,0.0008693106590991584,77.5,0,90,1.0,9,0.0
11.775,0.000537524815942247,77.5,0,90,1.0,9,0.0
11.78,0.0003263951340288585,77.5,0,90,1.0,9,0.0
11.785,0.00019463030985187395,77.5,0,90,1.0,9,0.0
11.79,0.00011397219555062695,77.5,0,90,1.0,9,0.0
11.795,6.55403863487943e-05,77.5,0,90,1.0,9,0.0
11.8,3.701184389455385e-05,77.5,0,90,1.0,9,0.0
11.805,2.0525516217290957e-05,77.5,0,90,1.0,9,0.0
11.81,1.1178128483661116e-05,77.5,0,90,1.0,9,0.0
11.815,5.978135409912517e-06,77.5,0,90,1.0,9,0.0
11.82,3.1396702713238487e-06,77.5,0,90,1.0,9,0.0
11.825,1.6192875458531019e-06,77.5,0,90,1.0,9,0.0
11.83,8.201353897972012e-07,77.5,0,90,1.0,9,0.0
11.835,4.0791415086824765e-07,77.5,0,90,1.0,9,0.0
11.84,1.9923866938774793e-07,77.5,0,90,1.0,9,0.0
11.845,9.556527981051257e-08,77.5,0,90,1.0,9,0.0
11.85,4.501406988770349e-08,77.5,0,90,1.0,9,0.0
11.855,0.0,77.5,0,90,1.0,9,0.0
11.86,0.0,77.5,0,90,1.0,9,0.0
11.865,0.0,77.5,0,90,1.0,9,0.0
11.87,0.0,77.5,0,90,1.0,9,0.0
11.875,0.0,77.5,0,90,1.0,9,0.0
11.88,0.0,77.5,0,90,1.0,9,0.0
11.885,0.0,77.5,0,90,1.0,9,0.0
11.89,0.0,77.5,0,90,1.0,9,0.0
11.895,0.0,77.5,0,90,1.0,9,0.0
11.9,0.0,77.5,0,90,1.0,9,0.0
11.905,0.0,77.5,0,90,1.0,9,0.0
11.91,0.0,77.5,0,90,1.0,9,0.0
11.915,0.0,77.5,0,90,1.0,9,0.0
11.92,0.0,77.5,0,90,1.0,9,0.0
11.925,0.0,77.5,0,90,1.0,9,0.0
11.93,0.0,77.5,0,90,1.0,9,0.0
11.935,0.0,77.5,0,90,1.0,9,0.0
11.94,0.0,77.5,0,90,1.0,9,0.0
11.945,0.0,77.5,0,90,1.0,9,0.0
11.95,0.0,77.5,0,90,1.0,9,0.0
11.955,0.0,77.5,0,90,1.0,9,0.0
11.96,0.0,77.5,0,90,1.0,9,0.0
11.965,0.0,77.5,0,90,1.0,9,0.0
11.97,0.0,77.5,0,90,1.0,9,0.0
11.975,0.0,77.5,0,90,1.0,9,0.0
11.98,0.0,77.5,0,90,1.0,9,0.0
11.985,0.0,77.5,0,90,1.0,9,0.0
11.99,0.0,77.5,0,90,1.0,9,0.0
11.995,0.0,77.5,0,90,1.0,9,0.0
