Time,ECG,Pressure,R_Peaks,mean_hr,hrv_scale,Phase_Bin,Normalized_Pressure
0.0,0.001684486749771458,77.5,0,100,3.0,0,0.0
0.005,0.00456624331333666,77.5,0,100,3.0,0,0.0
0.01,0.011079731271581421,77.5,0,100,3.0,0,0.0
0.015,0.024064571490409,77.5,0,100,3.0,0,0.0
0.02,0.046784906529573234,77.5,0,100,3.0,0,0.0
0.025,0.08141644351188804,77.5,0,100,3.0,0,0.0
0.03,0.12682276464025305,77.5,0,100,3.0,0,0.0
0.035,0.1768320708657512,77.5,0,100,3.0,0,0.0
0.04,0.22070063230473494,77.5,0,100,3.0,0,0.0
0.045,0.24656126505113576,77.5,0,100,3.0,0,0.0
0.05,0.24656126505724016,77.5,0,100,3.0,0,0.0
0.055,0.220700632329898,77.5,0,100,3.0,0,0.0
0.06,0.17683207093748562,77.5,0,100,3.0,0,0.0
0.065,0.12682276483597799,77.5,0,100,3.0,0,0.0
0.07,0.08141644409447898,77.5,0,100,3.0,0,0.0
0.075,0.04678490952598309,77.5,0,100,3.0,0,0.0
0.08,0.024064605020532023,77.5,0,100,3.0,0,0.0
0.085,0.011080171739334697,77.5,0,100,3.0,0,0.0
0.09,0.004571212771509492,77.5,0,100,3.0,0,0.0
0.095,0.0017299316936037438,77.5,0,100,3.0,0,0.0
0.1,0.0008899431850697582,77.5,0,100,3.0,0,0.0
0.105,0.002128806368910263,77.5,0,100,3.0,0,0.0
0.11,0.009309664818487698,77.5,0,100,3.0,0,0.0
0.115,0.03503263543368747,77.5,0,100,3.0,0,0.0
0.12,0.10606267793605692,77.5,0,100,3.0,0,0.0
0.125,0.25734927343160535,77.5,0,100,3.0,0,0.0
0.13,0.5003202479539708,77.5,0,100,3.0,0,0.0
0.135,0.7793067891790435,77.5,0,100,3.0,0,0.0
0.14,0.9720477407234077,77.5,0,100,3.0,0,0.0
0.145,0.967267334488097,77.5,0,100,3.0,0,0.0
0.15,0.7505869905515209,77.5,0,100,3.0,0,0.0
0.155,0.4028369574773956,77.5,0,100,3.0,0,0.0
0.16,0.04553881263121314,77.5,0,100,3.0,0,0.0
0.165,-0.189138810908105,77.5,0,100,3.0,0,0.0
0.17,-0.22868072635956738,77.5,0,100,3.0,0,0.0
0.175,-0.14104670682394166,77.5,0,100,3.0,0,0.0
0.18,-0.051158381651102834,77.5,0,100,3.0,0,0.0
0.185,-0.008206426846427752,77.5,0,100,3.0,0,0.0
0.19,0.005350271385530505,77.5,0,100,3.0,0,0.0
0.195,0.01084668799215426,77.5,0,100,3.0,0,0.0
0.2,0.016256859896386415,77.5,0,100,3.0,0,0.0
0.205,0.02345021205790711,77.5,0,100,3.0,0,0.0
0.21,0.0330621597308209,77.5,0,100,3.0,0,0.0
0.215,0.04559141319943196,77.5,0,100,3.0,0,0.0
0.22,0.06149084917446989,77.5,0,100,3.0,0,0.0
0.225,0.08111733445924295,77.5,0,100,3.0,0,0.0
0.23,0.1046628598272375,77.5,0,100,3.0,0,0.0
0.235,0.1320831047748631,77.5,0,100,3.0,0,0.0
0.24,0.16303381314489318,77.5,0,100,3.0,0,0.0
0.245,0.19682662652900276,77.5,0,100,3.0,0,0.0
0.25,0.23241585813229,77.5,0,100,3.0,0,0.0
0.255,0.26842527782774417,77.5,0,100,3.0,0,0.0
0.26,0.30321927900592993,77.5,0,100,3.0,0,0.0
0.265,0.3350163137995362,77.5,0,100,3.0,0,0.0
0.27,0.3620352400956416,77.5,0,100,3.0,0,0.0
0.275,0.3826586036805073,77.5,0,100,3.0,0,0.0
0.28,0.39559233134833227,77.5,0,100,3.0,0,0.0
0.285,0.4,77.5,0,100,3.0,0,0.0
0.29,0.39559233134833227,77.5,0,100,3.0,0,0.0
0.295,0.3826586036805073,77.5,0,100,3.0,0,0.0
0.3,0.3620352400956416,77.5,0,100,3.0,0,0.0
0.305,0.3350163137995362,77.5,0,100,3.0,0,0.0
0.31,0.3032192790059296,77.5,0,100,3.0,0,0.0
0.315,0.26842527782774417,77.5,0,100,3.0,0,0.0
0.32,0.23241585813229,77.5,0,100,3.0,0,0.0
0.325,0.19682662652900276,77.5,0,100,3.0,0,0.0
0.33,0.16303381314489318,77.5,0,100,3.0,0,0.0
0.335,0.13208310477486307,77.5,0,100,3.0,0,0.0
0.34,0.10466285982723562,77.5,0,100,3.0,0,0.0
0.345,0.08111733445917907,77.5,0,100,3.0,0,0.0
0.35,0.06149084917398798,77.5,0,100,3.0,0,0.0
0.355,0.04559141333598128,77.5,0,100,3.0,0,0.0
0.36,0.03306217087257399,77.5,0,100,3.0,0,0.0
0.365,0.02345067901074276,77.5,0,100,3.0,0,0.0
0.37,0.016268788896435526,77.5,0,100,3.0,0,0.0
0.375,0.011039026374860051,77.5,0,100,3.0,0,0.0
0.38,0.007326255555493689,77.5,0,100,3.0,0,0.0
0.385,0.0047556414315231815,77.5,0,100,3.0,0,0.0
0.39,0.0030193390635632803,77.5,0,100,3.0,0,0.0
0.395,0.001874953127946523,77.5,0,100,3.0,0,0.0
0.4,0.0011387927410965778,77.5,0,100,3.0,0,0.0
0.405,0.0006765107634274089,77.5,0,100,3.0,0,0.0
0.41,0.00039307957404427924,77.5,0,100,3.0,0,0.0
0.415,0.00022338910511776318,77.5,0,100,3.0,0,0.0
0.42,0.00012417073320013317,77.5,0,100,3.0,0,0.0
0.425,6.750753468904987e-05,77.5,0,100,3.0,0,0.0
0.43,3.5897234866245036e-05,77.5,0,100,3.0,0,0.0
0.435,1.8670050400879738e-05,77.5,0,100,3.0,0,0.0
0.44,9.497421874143672e-06,77.5,0,100,3.0,0,0.0
0.445,4.725434140340885e-06,77.5,0,100,3.0,0,0.0
0.45,2.299606063738814e-06,77.5,0,100,3.0,0,0.0
0.455,1.0945633976635486e-06,77.5,0,100,3.0,0,0.0
0.46,5.095703414287532e-07,77.5,0,100,3.0,0,0.0
0.465,2.3202944964797243e-07,77.5,0,100,3.0,0,0.0
0.47,1.0333746954038608e-07,77.5,0,100,3.0,0,0.0
0.475,4.501406988770349e-08,77.5,0,100,3.0,0,0.0
0.48,0.0,77.5,0,100,3.0,0,0.0
0.485,0.0,77.5,0,100,3.0,0,0.0
0.49,0.0,77.5,0,100,3.0,0,0.0
0.495,0.0,77.5,0,100,3.0,0,0.0
0.5,0.0,77.5,0,100,3.0,0,0.0
0.505,0.0,77.5,0,100,3.0,0,0.0
0.51,0.0,77.5,0,100,3.0,0,0.0
0.515,0.0,77.5,0,100,3.0,0,0.0
0.52,0.0,77.5,0,100,3.0,0,0.0
0.525,0.0,77.5,0,100,3.0,0,0.0
0.53,0.0,77.5,0,100,3.0,0,0.0
0.535,0.0,77.5,0,100,3.0,0,0.0
0.54,0.0,77.5,0,100,3.0,0,0.0
0.545,0.0,77.5,0,100,3.0,0,0.0
0.55,0.0,77.5,0,100,3.0,0,0.0
0.555,0.0,77.5,0,100,3.0,0,0.0
0.56,0.0,77.5,0,100,3.0,0,0.0
0.565,0.0,77.5,0,100,3.0,0,0.0
0.57,0.0,77.5,0,100,3.0,0,0.0
0.575,0.0,77.5,0,100,3.0,0,0.0
0.58,0.0,77.5,0,100,3.0,0,0.0
0.585,0.0,77.5,0,100,3.0,0,0.0
0.59,0.0,77.5,0,100,3.0,0,0.0
0.595,0.0,77.5,0,100,3.0,0,0.0
0.6,0.0,77.5,0,100,3.0,0,0.0
0.605,0.001684486749771458,77.5,0,100,3.0,0,0.0
0.61,0.00456624331333666,77.5,0,100,3.0,0,0.0
0.615,0.011079731271581421,77.5,0,100,3.0,0,0.0
0.62,0.024064571490409,77.5,0,100,3.0,0,0.0
0.625,0.046784906529573234,77.5,0,100,3.0,0,0.0
0.63,0.08141644351188804,77.5,0,100,3.0,0,0.0
0.635,0.12682276464025305,77.5,0,100,3.0,0,0.0
0.64,0.1768320708657512,77.5,0,100,3.0,0,0.0
0.645,0.22070063230473494,77.5,0,100,3.0,0,0.0
0.65,0.24656126505113576,77.5,0,100,3.0,0,0.0
0.655,0.24656126505724016,77.5,0,100,3.0,0,0.0
0.66,0.220700632329898,77.5,0,100,3.0,0,0.0
0.665,0.17683207093748562,77.5,0,100,3.0,0,0.0
0.67,0.12682276483597799,77.5,0,100,3.0,0,0.0
0.675,0.08141644409447898,77.5,0,100,3.0,0,0.0
0.68,0.04678490952598309,77.5,0,100,3.0,0,0.0
0.685,0.024064605020532023,77.5,0,100,3.0,0,0.0
0.69,0.011080171739334697,77.5,0,100,3.0,0,0.0
0.695,0.004571212771509492,77.5,0,100,3.0,0,0.0
0.7,0.0017299316936037438,77.5,0,100,3.0,0,0.0
0.705,0.0008899431850697582,77.5,0,100,3.0,0,0.0
0.71,0.002128806368910263,77.5,0,100,3.0,0,0.0
0.715,0.009309664818487698,77.5,0,100,3.0,0,0.0
0.72,0.03503263543368747,77.5,0,100,3.0,0,0.0
0.725,0.10606267793605692,77.5,0,100,3.0,0,0.0
0.73,0.25734927343160535,77.5,0,100,3.0,0,0.0
0.735,0.5003202479539708,77.5,0,100,3.0,0,0.0
0.74,0.7793067891790435,77.5,0,100,3.0,0,0.0
0.745,0.9720477407234077,77.50000297456887,1,100,3.0,0,5.890235390306951e-08
0.75,0.967267334488097,77.5000062222234,0,100,3.0,0,1.2321234465270038e-07
0.755,0.7505869905515209,77.50001412492644,0,100,3.0,0,2.797015136113962e-07
0.76,0.4028369574773956,77.50003641983405,0,100,3.0,0,7.211848326008267e-07
0.765,0.04553881263121314,77.50010706994215,0,100,3.0,0,2.1201968741812684e-06
0.77,-0.189138810908105,77.50034212581059,0,100,3.0,0,6.774768526539258e-06
0.775,-0.22868072635956738,77.5011174452075,0,100,3.0,0,2.212762787125219e-05
0.78,-0.14104670682394166,77.50356855475515,0,100,3.0,0,7.066445059699122e-05
0.785,-0.051158381651102834,77.51086963859841,0,100,3.0,0,0.00021524036828529712
0.79,-0.008206426846427752,77.53118939740251,0,100,3.0,0,0.0006176118297527509
0.795,0.005350271385530505,77.5838025515997,0,100,3.0,0,0.001659456467320855
0.8,0.01084668799215426,77.71022945889035,0,100,3.0,0,0.004162959581987194
0.805,0.016256859896386415,77.99167912939262,0,100,3.0,0,0.009736220384012324
0.81,0.02345021205790711,78.5712635147241,0,100,3.0,0,0.021213138905427614
0.815,0.0330621597308209,79.67352667251653,0,100,3.0,0,0.043040132129040204
0.82,0.04559141319943196,81.60576661164305,0,100,3.0,0,0.0813023091414465
0.825,0.06149084917446989,84.71992636449431,0,100,3.0,0,0.1429688389008775
0.83,0.08111733445924295,89.3182428616724,0,100,3.0,0,0.23402461112222578
0.835,0.1046628598272375,95.50702080839233,0,100,3.0,0,0.3565746694731154
0.84,0.1320831047748631,103.03863252038366,0,100,3.0,0,0.5057154954531418
0.845,0.16303381314489318,111.21541053963608,0,100,3.0,0,0.6676318918739819
0.85,0.19682662652900276,118.93384620768896,0,100,3.0,0,0.8204722021324546
0.855,0.23241585813229,124.90436853284245,0,100,3.0,0,0.9387003669869793
0.86,0.26842527782774417,128.0,0,100,3.0,0,1.0
0.865,0.30321927900592993,127.60820170828875,0,100,3.0,0,0.9922416179859158
0.87,0.3350163137995362,123.83638395652297,0,100,3.0,0,0.9175521575549102
0.875,0.3620352400956416,117.47746650268306,0,100,3.0,0,0.7916330000531299
0.88,0.3826586036805073,109.75136675254107,0,100,3.0,0,0.6386409257928926
0.885,0.39559233134833227,101.93854206075709,0,100,3.0,0,0.48393152595558586
0.89,0.4,95.05631336589965,0,100,3.0,0,0.34764976962177535
0.895,0.39559233134833227,89.68561676959516,0,100,3.0,0,0.24129934197218134
0.9,0.3826586036805073,85.97066202095813,0,100,3.0,0,0.1677358816031313
0.905,0.3620352400956416,83.73963639863871,0,100,3.0,0,0.1235571564086873
0.91,0.3350163137995362,82.66506980421391,0,100,3.0,0,0.10227860998443394
0.915,0.3032192790059296,82.39769679500384,0,100,3.0,0,0.09698409495057106
0.92,0.26842527782774417,82.64426327774376,0,100,3.0,0,0.1018665995592824
0.925,0.23241585813229,83.1925217979524,0,100,3.0,0,0.1127232039198494
0.93,0.19682662652900276,83.90296821666257,0,100,3.0,0,0.12679144983490243
0.935,0.16303381314489318,84.68768921939152,0,100,3.0,0,0.1423304795919112
0.94,0.13208310477486307,85.48964936969762,0,100,3.0,0,0.15821087860787358
0.945,0.10466285982723562,86.2679527426403,0,100,3.0,0,0.1736228265869367
0.95,0.08111733445917907,86.9895179409416,0,100,3.0,0,0.18791124635527912
0.955,0.06149084917398798,87.62548740634166,0,100,3.0,0,0.20050470111567648
0.96,0.04559141333598128,88.15044219056064,0,100,3.0,0,0.21089984535763642
0.965,0.03306217087257399,88.54297359153537,0,100,3.0,0,0.21867274438683904
0.97,0.02345067901074276,88.78671463080131,0,100,3.0,0,0.22349929961982798
0.975,0.016268788896435526,88.87133001885871,0,100,3.0,0,0.2251748518585884
0.98,0.011039026374860051,88.79319881643394,0,100,3.0,0,0.2236276993353256
0.985,0.007326255555493689,88.55565877970061,0,100,3.0,0,0.2189239362316952
0.99,0.0047556414315231815,88.168766505288,0,100,3.0,0,0.21126270307501
0.995,0.0030193390635632803,87.64859039083257,0,100,3.0,0,0.20096218595708054
1.0,0.001874953127946523,87.01610373171393,0,100,3.0,0,0.18843769765770152
1.005,0.0011387927410965778,86.29578368219154,0,100,3.0,0,0.1741739343008226
1.01,0.0006765107634274089,85.51404620349248,0,100,3.0,0,0.15869398422757394
1.015,0.00039307957404427924,84.69765577968232,0,100,3.0,0,0.1425278372214321
1.02,0.00022338910511776318,83.87224160225274,0,100,3.0,0,0.12618300202480678
1.025,0.00012417073320013317,83.06103109428663,0,100,3.0,0,0.1101194276096363
1.03,6.750753468904987e-05,82.28388071988795,0,100,3.0,0,0.09473031128490983
1.035,3.5897234866245036e-05,81.5566476806962,0,100,3.0,0,0.08032965704348914
1.04,1.8670050400879738e-05,80.89090926252491,0,100,3.0,0,0.06714671806980028
1.045,9.497421874143672e-06,80.29400369189199,0,100,3.0,0,0.05532680578003935
1.05,4.725434140340885e-06,79.76934075119777,0,100,3.0,0,0.0449374406177777
1.055,2.299606063738814e-06,79.316914026084,0,100,3.0,0,0.03597849556601993
1.06,1.0945633976635486e-06,78.93393997639421,0,100,3.0,0,0.02839485101770721
1.065,5.095703414287532e-07,78.615551171725,0,100,3.0,0,0.02209012221237628
1.07,2.3202944964797243e-07,78.35548017624241,0,100,3.0,0,0.016940201509750674
1.075,1.0333746954038608e-07,78.14668432330618,0,100,3.0,0,0.012805630164478717
1.08,4.501406988770349e-08,77.98187749628777,0,100,3.0,0,0.009542128639361692
1.085,0.0,77.85395079052064,0,100,3.0,0,0.007008926544963209
1.09,0.0,77.7562778414269,0,100,3.0,0,0.005074808741126601
1.095,0.0,77.68291156154915,0,100,3.0,0,0.003622011119785098
1.1,0.0,77.62868655855223,0,100,3.0,0,0.002548248684202616
1.105,0.0,77.58924566817144,0,100,3.0,0,0.001767240953889971
1.11,0.0,77.56101028213665,0,100,3.0,0,0.0012081243987455367
1.115,0.0,77.5411131592637,0,100,3.0,0,0.0008141219656178606
1.12,0.0,77.52730993064118,0,100,3.0,0,0.0005407907057659567
1.125,0.0,77.51788225456453,0,100,3.0,0,0.0003541040507826946
1.13,0.0,77.51154212778609,0,100,3.0,0,0.00022855698586309104
1.135,0.0,77.50734364057384,0,100,3.0,0,0.00014541862522448112
1.14,0.0,77.5046057342584,0,100,3.0,0,9.120265858227597e-05
1.145,0.0,77.50284739861534,0,100,3.0,0,5.638413099691746e-05
1.15,0.0,77.5017352401662,0,100,3.0,0,3.436119140986301e-05
1.155,0.0,77.50104239625774,0,100,3.0,0,2.0641510054353e-05
1.16,0.0,77.50061725984372,0,100,3.0,0,1.2222967202410697e-05
1.165,0.0,77.50036030072403,0,100,3.0,0,7.134667802491473e-06
1.17,0.0,77.50020731187256,0,100,3.0,0,4.1051855952004966e-06
1.175,0.0,77.50011758316428,0,100,3.0,0,2.3283794907438456e-06
1.18,0.0,77.50006573974899,0,100,3.0,0,1.3017772077280752e-06
1.185,0.0,77.50003623037833,0,100,3.0,0,7.174332342113456e-07
1.19,0.0,77.50001968247125,0,100,3.0,0,3.8975190589121443e-07
1.195,0.0,77.5000105401869,0,100,3.0,0,2.0871657240361558e-07
1.2,0.001684486749771458,77.50000556389502,0,100,3.0,0,1.1017613892723638e-07
1.205,0.00456624331333666,77.50000289515268,0,100,3.0,1,5.732975595681565e-08
1.21,0.011079731271581421,77.50000148499826,0,100,3.0,1,2.9405906233667265e-08
1.215,0.024064571490409,77.50000075083126,0,100,3.0,1,1.486794578322768e-08
1.22,0.046784906529573234,77.50000037421457,0,100,3.0,1,7.410189408180333e-09
1.225,0.08141644351188804,77.50000018384885,0,100,3.0,1,3.6405713735172804e-09
1.23,0.12682276464025305,77.50000008903548,0,100,3.0,1,1.7630788358411057e-09
1.235,0.1768320708657512,77.50000004250376,0,100,3.0,1,8.416585536330182e-10
1.24,0.22070063230473494,77.50000002000107,0,100,3.0,1,3.9606074195863487e-10
1.245,0.24656126505113576,77.50000000927771,0,100,3.0,1,1.837170855489405e-10
1.25,0.24656126505724016,77.5000000042422,0,100,3.0,1,8.400387975985489e-11
1.255,0.220700632329898,77.50000000191207,0,100,3.0,1,3.786278221644415e-11
1.26,0.17683207093748562,77.50000000084952,0,100,3.0,1,1.6822275146035165e-11
1.265,0.12682276483597799,77.50000000037205,0,100,3.0,1,7.36741360987532e-12
1.27,0.08141644409447898,77.50000000016063,0,100,3.0,1,3.1806988286322427e-12
1.275,0.04678490952598309,77.50000000006835,0,100,3.0,1,1.3535487362400324e-12
1.28,0.024064605020532023,77.50000000002868,0,100,3.0,1,5.678713824807455e-13
1.285,0.011080171739334697,77.50000000001185,0,100,3.0,1,2.346901550985836e-13
1.29,0.004571212771509492,77.50000000000483,0,100,3.0,1,9.567704164690458e-14
1.295,0.0017299316936037438,77.50000000000195,0,100,3.0,1,3.85522197224292e-14
1.3,0.0008899431850697582,77.50000000000077,0,100,3.0,1,1.5195765438037787e-14
1.305,0.002128806368910263,77.5000000000003,0,100,3.0,1,5.909464337014694e-15
1.31,0.009309664818487698,77.50000000000011,0,100,3.0,1,2.2512245093389313e-15
1.315,0.03503263543368747,77.50000000000004,0,100,3.0,1,8.442091910020992e-16
1.32,0.10606267793605692,77.50000000000001,0,100,3.0,1,2.814030636673664e-16
1.325,0.25734927343160535,77.5,0,100,3.0,1,0.0
1.33,0.5003202479539708,77.5,0,100,3.0,1,0.0
1.335,0.7793067891790435,77.5,0,100,3.0,1,0.0
1.34,0.9720477407234077,77.5000029632167,1,100,3.0,1,5.867755844249559e-08
1.345,0.967267334488097,77.50000712984016,0,100,3.0,1,1.4118495359395125e-07
1.35,0.7505869905515209,77.5000194714447,0,100,3.0,1,3.8557316241455583e-07
1.355,0.4028369574773956,77.50006403966208,0,100,3.0,1,1.2681121203590154e-06
1.36,0.04553881263121314,77.50024503836143,0,100,3.0,1,4.852244780740965e-06
1.365,-0.189138810908105,77.50098936987865,0,100,3.0,1,1.9591482745598493e-05
1.37,-0.22868072635956738,77.50389388012645,0,100,3.0,1,7.710653715752423e-05
1.375,-0.14104670682394166,77.51432894367915,0,100,3.0,1,0.0002837414589929956
1.38,-0.051158381651102834,77.54839812828513,0,100,3.0,1,0.0009583787779233446
1.385,-0.008206426846427752,77.64887051813086,0,100,3.0,1,0.0029479310520963004
1.39,0.005350271385530505,77.9156022259755,0,100,3.0,1,0.008229747049019897
1.395,0.01084668799215426,78.551415236932,0,100,3.0,1,0.020820103701623793
1.4,0.016256859896386415,79.9087326709927,0,100,3.0,1,0.0476976766533209
1.405,0.02345021205790711,82.49540705853538,0,100,3.0,1,0.0989189516541659
1.41,0.0330621597308209,86.8766410249275,0,100,3.0,1,0.18567605989955432
1.415,0.04559141319943196,93.4288216152286,0,100,3.0,1,0.3154222102025465
1.42,0.06149084917446989,101.98894029735766,0,100,3.0,1,0.4849295108387655
1.425,0.08111733445924295,111.57346408347172,0,100,3.0,1,0.6747220610588459
1.43,0.1046628598272375,120.40982181772105,0,100,3.0,1,0.8496994419350703
1.435,0.1320831047748631,126.41759273148509,0,100,3.0,1,0.9686652026036651
1.44,0.16303381314489318,128.0,0,100,3.0,1,1.0
1.445,0.19682662652900276,124.74381015396413,0,100,3.0,1,0.9355209931478047
1.45,0.23241585813229,117.61321624564147,0,100,3.0,1,0.7943211137750785
1.455,0.26842527782774417,108.516714797569,0,100,3.0,1,0.614192372229089
1.46,0.30321927900592993,99.5133886516984,0,100,3.0,1,0.43590868617224565
1.465,0.3350163137995362,92.10783014594557,0,100,3.0,1,0.2892639632860509
1.47,0.3620352400956416,86.94895560666967,0,100,3.0,1,0.187108031815241
1.475,0.3826586036805073,83.94943192645692,0,100,3.0,1,0.12771152329617672
1.48,0.39559233134833227,82.62145439320233,0,100,3.0,1,0.10141493847925401
1.485,0.4,82.3977614738222,0,100,3.0,1,0.09698537571925149
1.49,0.39559233134833227,82.8162323398421,0,100,3.0,1,0.10527192752162579
1.495,0.3826586036805073,83.56812750234484,0,100,3.0,1,0.1201609406404918
1.5,0.3620352400956416,84.46928792877765,0,100,3.0,1,0.1380057015599534
1.505,0.3350163137995362,85.41153093344663,0,100,3.0,1,0.15666397888013123
1.51,0.3032192790059296,86.32433114274932,0,100,3.0,1,0.1747392305494914
1.515,0.26842527782774417,87.15353818842898,0,100,3.0,1,0.19115917204809865
1.52,0.23241585813229,87.85308057266846,0,100,3.0,1,0.20501149648848438
1.525,0.19682662652900276,88.38380752300874,0,100,3.0,1,0.21552094104967803
1.53,0.16303381314489318,88.71525251608587,0,100,3.0,1,0.22208420823932412
1.535,0.13208310477486307,88.82796491611877,0,100,3.0,1,0.224316136952847
1.54,0.10466285982723562,88.71524935893723,0,100,3.0,1,0.22208414572152926
1.545,0.08111733445917907,88.3837885894648,0,100,3.0,1,0.21552056612801584
1.55,0.06149084917398798,87.85297994901912,0,100,3.0,1,0.2050095039409726
1.555,0.04559141333598128,87.15305452124724,0,100,3.0,1,0.1911495944801434
1.56,0.03306217087257399,86.32222756000658,0,100,3.0,1,0.17469757544567488
1.565,0.02345067901074276,85.40325259759987,0,100,3.0,1,0.15650005143762127
1.57,0.016268788896435526,84.43980999536285,0,100,3.0,1,0.13742198010619505
1.575,0.011039026374860051,83.4731498178831,0,100,3.0,1,0.11828019441352669
1.58,0.007326255555493689,82.53933634560707,0,100,3.0,1,0.09978883852687265
1.585,0.0047556414315231815,81.66732522001253,0,100,3.0,1,0.08252129148539661
1.59,0.0030193390635632803,80.8779681711764,0,100,3.0,1,0.06689045883517634
1.595,0.001874953127946523,80.18390922018638,0,100,3.0,1,0.05314671723141345
1.6,0.0011387927410965778,79.59023060237372,0,100,3.0,1,0.04139070499749946
1.605,0.0006765107634274089,79.09563918028746,0,100,3.0,1,0.0315968154512369
1.61,0.00039307957404427924,78.69395866561004,0,100,3.0,1,0.023642745853664163
1.615,0.00022338910511776318,78.3757053491493,0,100,3.0,1,0.017340699983154448
1.62,0.00012417073320013317,78.12956535899671,0,100,3.0,1,0.012466640772212169
1.625,6.750753468904987e-05,77.94364721018448,0,100,3.0,1,0.0087850932709798
1.63,3.5897234866245036e-05,77.8064423587659,0,100,3.0,1,0.0060681655201169585
1.635,1.8670050400879738e-05,77.70747890563989,0,100,3.0,1,0.004108493180987891
1.64,9.497421874143672e-06,77.63769342762592,0,100,3.0,1,0.0027266025272459243
1.645,4.725434140340885e-06,77.58957082695429,0,100,3.0,1,0.0017736797416690402
1.65,2.299606063738814e-06,77.55711288083009,0,100,3.0,1,0.0011309481352493032
1.655,1.0945633976635486e-06,77.53569568006696,0,100,3.0,1,0.000706845149840891
1.66,5.095703414287532e-07,77.52186811576739,0,100,3.0,1,0.0004330319953938593
1.665,2.3202944964797243e-07,77.51313170683527,0,100,3.0,1,0.0002600337987181626
1.67,1.0333746954038608e-07,77.5077293879036,0,100,3.0,1,0.00015305718620979995
1.675,4.501406988770349e-08,77.50445946888534,0,100,3.0,1,8.830631456126047e-05
1.68,0.0,77.50252194309775,0,100,3.0,1,4.993946728212328e-05
1.685,0.0,77.50139798186963,0,100,3.0,1,2.7682809299602303e-05
1.69,0.0,77.50075959466382,0,100,3.0,1,1.5041478491465937e-05
1.695,0.0,77.50040455389004,0,100,3.0,1,8.010968119518535e-06
1.7,0.0,77.50021119564977,0,100,3.0,1,4.182092074625142e-06
1.705,0.001684486749771458,77.50010807062557,0,100,3.0,1,2.140012387565431e-06
1.71,0.00456624331333666,77.50005420563956,0,100,3.0,1,1.0733790011362553e-06
1.715,0.011079731271581421,77.50002664988816,0,100,3.0,1,5.277205575409182e-07
1.72,0.024064571490409,77.50001284282068,0,100,3.0,1,2.5431328080599943e-07
1.725,0.046784906529573234,77.50000606651894,0,100,3.0,1,1.2012908782573036e-07
1.73,0.08141644351188804,77.50000280887754,0,100,3.0,1,5.5621337414867424e-08
1.735,0.12682276464025305,77.50000127479446,0,100,3.0,1,2.5243454587379714e-08
1.74,0.1768320708657512,77.50000056710259,0,100,3.0,1,1.1229754235419834e-08
1.745,0.22070063230473494,77.50000024728467,0,100,3.0,1,4.8967262280189734e-09
1.75,0.24656126505113576,77.50000010569316,0,100,3.0,1,2.0929338790107193e-09
1.755,0.24656126505724016,77.50000004428031,0,100,3.0,1,8.768378762343304e-10
1.76,0.220700632329898,77.50000001818397,0,100,3.0,1,3.600785764166797e-10
1.765,0.17683207093748562,77.50000000731949,0,100,3.0,1,1.4494030618170475e-10
1.77,0.12682276483597799,77.50000000288793,0,100,3.0,1,5.71867305984822e-11
1.775,0.08141644409447898,77.50000000111687,0,100,3.0,1,2.211631098280933e-11
1.78,0.04678490952598309,77.50000000042338,0,100,3.0,1,8.383841475841848e-12
1.785,0.024064605020532023,77.50000000015733,0,100,3.0,1,3.1154133178614134e-12
1.79,0.011080171739334697,77.5000000000573,0,100,3.0,1,1.1346171527068214e-12
1.795,0.004571212771509492,77.50000000002045,0,100,3.0,1,4.0493900861734025e-13
1.8,0.0017299316936037438,77.50000000000716,0,100,3.0,1,1.4182714408835267e-13
1.805,0.0008899431850697582,77.50000000000246,0,100,3.0,1,4.868273001445439e-14
1.81,0.002128806368910263,77.50000000000082,0,100,3.0,1,1.632137769270725e-14
1.815,0.009309664818487698,77.50000000000027,0,100,3.0,1,5.346658209679962e-15
1.82,0.03503263543368747,77.50000000000009,0,100,3.0,1,1.6884183820041984e-15
1.825,0.10606267793605692,77.50000000000003,0,100,3.0,1,5.628061273347328e-16
1.83,0.25734927343160535,77.50000000000001,0,100,3.0,1,2.814030636673664e-16
1.835,0.5003202479539708,77.5,0,100,3.0,1,0.0
1.84,0.7793067891790435,77.5,0,100,3.0,1,0.0
1.845,0.9720477407234077,77.50000297456887,1,100,3.0,1,5.890235390306951e-08
1.85,0.967267334488097,77.5000062222234,0,100,3.0,1,1.2321234465270038e-07
1.855,0.7505869905515209,77.50001412492644,0,100,3.0,1,2.797015136113962e-07
1.86,0.4028369574773956,77.50003641983405,0,100,3.0,1,7.211848326008267e-07
1.865,0.04553881263121314,77.50010706994215,0,100,3.0,1,2.1201968741812684e-06
1.87,-0.189138810908105,77.50034212581059,0,100,3.0,1,6.774768526539258e-06
1.875,-0.22868072635956738,77.5011174452075,0,100,3.0,1,2.212762787125219e-05
1.88,-0.14104670682394166,77.50356855475515,0,100,3.0,1,7.066445059699122e-05
1.885,-0.051158381651102834,77.51086963859841,0,100,3.0,1,0.00021524036828529712
1.89,-0.008206426846427752,77.53118939740251,0,100,3.0,1,0.0006176118297527509
1.895,0.005350271385530505,77.5838025515997,0,100,3.0,1,0.001659456467320855
1.9,0.01084668799215426,77.71022945889035,0,100,3.0,1,0.004162959581987194
1.905,0.016256859896386415,77.99167912939262,0,100,3.0,1,0.009736220384012324
1.91,0.02345021205790711,78.5712635147241,0,100,3.0,1,0.021213138905427614
1.915,0.0330621597308209,79.67352667251653,0,100,3.0,1,0.043040132129040204
1.92,0.04559141319943196,81.60576661164305,0,100,3.0,1,0.0813023091414465
1.925,0.06149084917446989,84.71992636449431,0,100,3.0,1,0.1429688389008775
1.93,0.08111733445924295,89.3182428616724,0,100,3.0,1,0.23402461112222578
1.935,0.1046628598272375,95.50702080839233,0,100,3.0,1,0.3565746694731154
1.94,0.1320831047748631,103.03863252038366,0,100,3.0,1,0.5057154954531418
1.945,0.16303381314489318,111.21541053963608,0,100,3.0,1,0.6676318918739819
1.95,0.19682662652900276,118.93384620768896,0,100,3.0,1,0.8204722021324546
1.955,0.23241585813229,124.90436853284245,0,100,3.0,1,0.9387003669869793
1.96,0.26842527782774417,128.0,0,100,3.0,1,1.0
1.965,0.30321927900592993,127.60820170828875,0,100,3.0,1,0.9922416179859158
1.97,0.3350163137995362,123.83638395652297,0,100,3.0,1,0.9175521575549102
1.975,0.3620352400956416,117.47746650268306,0,100,3.0,1,0.7916330000531299
1.98,0.3826586036805073,109.75136675254107,0,100,3.0,1,0.6386409257928926
1.985,0.39559233134833227,101.93854206075709,0,100,3.0,1,0.48393152595558586
1.99,0.4,95.05631336589965,0,100,3.0,1,0.34764976962177535
1.995,0.39559233134833227,89.68561676959516,0,100,3.0,1,0.24129934197218134
2.0,0.3826586036805073,85.97066202095813,0,100,3.0,1,0.1677358816031313
2.005,0.3620352400956416,83.73963639863871,0,100,3.0,1,0.1235571564086873
2.01,0.3350163137995362,82.66506980421391,0,100,3.0,1,0.10227860998443394
2.015,0.3032192790059296,82.39769679500384,0,100,3.0,1,0.09698409495057106
2.02,0.26842527782774417,82.64426327774376,0,100,3.0,1,0.1018665995592824
2.025,0.23241585813229,83.1925217979524,0,100,3.0,1,0.1127232039198494
2.03,0.19682662652900276,83.90296821666257,0,100,3.0,1,0.12679144983490243
2.035,0.16303381314489318,84.68768921939152,0,100,3.0,1,0.1423304795919112
2.04,0.13208310477486307,85.48964936969762,0,100,3.0,1,0.15821087860787358
2.045,0.10466285982723562,86.2679527426403,0,100,3.0,1,0.1736228265869367
2.05,0.08111733445917907,86.9895179409416,0,100,3.0,1,0.18791124635527912
2.055,0.06149084917398798,87.62548740634166,0,100,3.0,1,0.20050470111567648
2.06,0.04559141333598128,88.15044219056064,0,100,3.0,1,0.21089984535763642
2.065,0.03306217087257399,88.54297359153537,0,100,3.0,1,0.21867274438683904
2.07,0.02345067901074276,88.78671463080131,0,100,3.0,1,0.22349929961982798
2.075,0.016268788896435526,88.87133001885871,0,100,3.0,1,0.2251748518585884
2.08,0.011039026374860051,88.79319881643394,0,100,3.0,1,0.2236276993353256
2.085,0.007326255555493689,88.55565877970061,0,100,3.0,1,0.2189239362316952
2.09,0.0047556414315231815,88.168766505288,0,100,3.0,1,0.21126270307501
2.095,0.0030193390635632803,87.64859039083257,0,100,3.0,1,0.20096218595708054
2.1,0.001874953127946523,87.01610373171393,0,100,3.0,1,0.18843769765770152
2.105,0.0011387927410965778,86.29578368219154,0,100,3.0,1,0.1741739343008226
2.11,0.0006765107634274089,85.51404620349248,0,100,3.0,1,0.15869398422757394
2.115,0.00039307957404427924,84.69765577968232,0,100,3.0,1,0.1425278372214321
2.12,0.00022338910511776318,83.87224160225274,0,100,3.0,1,0.12618300202480678
2.125,0.00012417073320013317,83.06103109428663,0,100,3.0,1,0.1101194276096363
2.13,6.750753468904987e-05,82.28388071988795,0,100,3.0,1,0.09473031128490983
2.135,3.5897234866245036e-05,81.5566476806962,0,100,3.0,1,0.08032965704348914
2.14,1.8670050400879738e-05,80.89090926252491,0,100,3.0,1,0.06714671806980028
2.145,9.497421874143672e-06,80.29400369189199,0,100,3.0,1,0.05532680578003935
2.15,4.725434140340885e-06,79.76934075119777,0,100,3.0,1,0.0449374406177777
2.155,2.299606063738814e-06,79.316914026084,0,100,3.0,1,0.03597849556601993
2.16,1.0945633976635486e-06,78.93393997639421,0,100,3.0,1,0.02839485101770721
2.165,5.095703414287532e-07,78.615551171725,0,100,3.0,1,0.02209012221237628
2.17,2.3202944964797243e-07,78.35548017624241,0,100,3.0,1,0.016940201509750674
2.175,1.0333746954038608e-07,78.14668432330618,0,100,3.0,1,0.012805630164478717
2.18,4.501406988770349e-08,77.98187749628777,0,100,3.0,1,0.009542128639361692
2.185,0.0,77.85395079052064,0,100,3.0,1,0.007008926544963209
2.19,0.0,77.7562778414269,0,100,3.0,1,0.005074808741126601
2.195,0.0,77.68291156154915,0,100,3.0,1,0.003622011119785098
2.2,0.0,77.62868655855223,0,100,3.0,1,0.002548248684202616
2.205,0.0,77.58924566817144,0,100,3.0,1,0.001767240953889971
2.21,0.0,77.56101028213665,0,100,3.0,1,0.0012081243987455367
2.215,0.0,77.5411131592637,0,100,3.0,1,0.0008141219656178606
2.22,0.0,77.52730993064118,0,100,3.0,1,0.0005407907057659567
2.225,0.0,77.51788225456453,0,100,3.0,1,0.0003541040507826946
2.23,0.0,77.51154212778609,0,100,3.0,1,0.00022855698586309104
2.235,0.0,77.50734364057384,0,100,3.0,1,0.00014541862522448112
2.24,0.0,77.5046057342584,0,100,3.0,1,9.120265858227597e-05
2.245,0.0,77.50284739861534,0,100,3.0,1,5.638413099691746e-05
2.25,0.0,77.5017352401662,0,100,3.0,1,3.436119140986301e-05
2.255,0.0,77.50104239625774,0,100,3.0,1,2.0641510054353e-05
2.26,0.0,77.50061725984372,0,100,3.0,1,1.2222967202410697e-05
2.265,0.0,77.50036030072403,0,100,3.0,1,7.134667802491473e-06
2.27,0.0,77.50020731187256,0,100,3.0,1,4.1051855952004966e-06
2.275,0.0,77.50011758316428,0,100,3.0,1,2.3283794907438456e-06
2.28,0.0,77.50006573974899,0,100,3.0,1,1.3017772077280752e-06
2.285,0.0,77.50003623037833,0,100,3.0,1,7.174332342113456e-07
2.29,0.0,77.50001968247125,0,100,3.0,1,3.8975190589121443e-07
2.295,0.0,77.5000105401869,0,100,3.0,1,2.0871657240361558e-07
2.3,0.001684486749771458,77.50000556389502,0,100,3.0,1,1.1017613892723638e-07
2.305,0.00456624331333666,77.50000289515268,0,100,3.0,1,5.732975595681565e-08
2.31,0.011079731271581421,77.50000148499826,0,100,3.0,1,2.9405906233667265e-08
2.315,0.024064571490409,77.50000075083126,0,100,3.0,1,1.486794578322768e-08
2.32,0.046784906529573234,77.50000037421457,0,100,3.0,1,7.410189408180333e-09
2.325,0.08141644351188804,77.50000018384885,0,100,3.0,1,3.6405713735172804e-09
2.33,0.12682276464025305,77.50000008903548,0,100,3.0,1,1.7630788358411057e-09
2.335,0.1768320708657512,77.50000004250376,0,100,3.0,1,8.416585536330182e-10
2.34,0.22070063230473494,77.50000002000107,0,100,3.0,1,3.9606074195863487e-10
2.345,0.24656126505113576,77.50000000927771,0,100,3.0,1,1.837170855489405e-10
2.35,0.24656126505724016,77.5000000042422,0,100,3.0,1,8.400387975985489e-11
2.355,0.220700632329898,77.50000000191207,0,100,3.0,1,3.786278221644415e-11
2.36,0.17683207093748562,77.50000000084952,0,100,3.0,1,1.6822275146035165e-11
2.365,0.12682276483597799,77.50000000037205,0,100,3.0,1,7.36741360987532e-12
2.37,0.08141644409447898,77.50000000016063,0,100,3.0,1,3.1806988286322427e-12
2.375,0.04678490952598309,77.50000000006835,0,100,3.0,1,1.3535487362400324e-12
2.38,0.024064605020532023,77.50000000002868,0,100,3.0,1,5.678713824807455e-13
2.385,0.011080171739334697,77.50000000001185,0,100,3.0,1,2.346901550985836e-13
2.39,0.004571212771509492,77.50000000000483,0,100,3.0,1,9.567704164690458e-14
2.395,0.0017299316936037438,77.50000000000195,0,100,3.0,1,3.85522197224292e-14
2.4,0.0008899431850697582,77.50000000000077,0,100,3.0,1,1.5195765438037787e-14
2.405,0.002128806368910263,77.5000000000003,0,100,3.0,1,5.909464337014694e-15
2.41,0.009309664818487698,77.50000000000011,0,100,3.0,2,2.2512245093389313e-15
2.415,0.03503263543368747,77.50000000000004,0,100,3.0,2,8.442091910020992e-16
2.42,0.10606267793605692,77.50000000000001,0,100,3.0,2,2.814030636673664e-16
2.425,0.25734927343160535,77.5,0,100,3.0,2,0.0
2.43,0.5003202479539708,77.5,0,100,3.0,2,0.0
2.435,0.7793067891790435,77.5,0,100,3.0,2,0.0
2.44,0.9720477407234077,77.5000029632167,1,100,3.0,2,5.867755844249559e-08
2.445,0.967267334488097,77.50000632443192,0,100,3.0,2,1.252362756864692e-07
2.45,0.7505869905515209,77.50001473324576,0,100,3.0,2,2.917474408505849e-07
2.455,0.4028369574773956,77.50003930345265,0,100,3.0,2,7.782861911378535e-07
2.46,0.04553881263121314,77.50012007178523,0,100,3.0,2,2.37765911352014e-06
2.465,-0.189138810908105,77.50039768906025,0,100,3.0,2,7.875030896043021e-06
2.47,-0.22868072635956738,77.50133813309903,0,100,3.0,2,2.6497685129220596e-05
2.475,-0.14104670682394166,77.50437429970992,0,100,3.0,2,8.661979623609861e-05
2.48,-0.051158381651102834,77.51356283545961,0,100,3.0,2,0.0002685709992001851
2.485,-0.008206426846427752,77.539423280672,0,100,3.0,2,0.0007806590232078606
2.49,0.005350271385530505,77.60683292766095,0,100,3.0,2,0.0021155035180385365
2.495,0.01084668799215426,77.7691843879838,0,100,3.0,2,0.005330383920471266
2.5,0.016256859896386415,78.1298195737859,0,100,3.0,2,0.012471674728433559
2.505,0.02345021205790711,78.8674564682652,0,100,3.0,2,0.027078345906241648
2.51,0.0330621597308209,80.25416185836706,0,100,3.0,2,0.05453785858152585
2.515,0.04559141319943196,82.64472323642266,0,100,3.0,2,0.10187570765193393
2.52,0.06149084917446989,86.41224109374863,0,100,3.0,2,0.17648002165838877
2.525,0.08111733445924295,91.81665598492147,0,100,3.0,2,0.2834981383152766
2.53,0.1046628598272375,98.826395638257,0,100,3.0,2,0.42230486412390095
2.535,0.1320831047748631,106.95895384922622,0,100,3.0,2,0.5833456207767568
2.54,0.16303381314489318,115.23602411394728,0,100,3.0,2,0.7472480022563818
2.545,0.19682662652900276,122.32971667135199,0,100,3.0,2,0.8877171618089502
2.55,0.23241585813229,126.89775582948093,0,100,3.0,2,0.9781733827619986
2.555,0.26842527782774417,128.0,0,100,3.0,2,1.0
2.56,0.30321927900592993,125.42125272540896,0,100,3.0,2,0.9489356975328508
2.565,0.3350163137995362,119.74965133212939,0,100,3.0,2,0.8366267590520671
2.57,0.3620352400956416,112.17257946470455,0,100,3.0,2,0.6865857319743476
2.575,0.3826586036805073,104.08785511981466,0,100,3.0,2,0.5264921805903894
2.58,0.39559233134833227,96.70488803956961,0,100,3.0,2,0.38029481266474474
2.585,0.4,90.78889417401182,0,100,3.0,2,0.2631464192873627
2.59,0.39559233134833227,86.60772759605685,0,100,3.0,2,0.18035104150607617
2.595,0.3826586036805073,84.04089578195409,0,100,3.0,2,0.12952268875156617
2.6,0.3620352400956416,82.75786879881116,0,100,3.0,2,0.10411621383784475
2.605,0.3350163137995362,82.37959366821764,0,100,3.0,2,0.09662561719242846
2.61,0.3032192790059296,82.57856812118584,0,100,3.0,2,0.1005657053700166
2.615,0.26842527782774417,83.11531036543767,0,100,3.0,2,0.11119426466213198
2.62,0.23241585813229,83.83263983129649,0,100,3.0,2,0.12539880854052454
2.625,0.19682662652900276,84.63250912217958,0,100,3.0,2,0.14123780439959574
2.63,0.16303381314489318,85.45226040314074,0,100,3.0,2,0.1574705030324899
2.635,0.13208310477486307,86.2475629773933,0,100,3.0,2,0.1732190688592733
2.64,0.10466285982723562,86.98281595132833,0,100,3.0,2,0.18777853368966999
2.645,0.08111733445917907,87.62707318852279,0,100,3.0,2,0.20053610274302547
2.65,0.06149084917398798,88.15320332098976,0,100,3.0,2,0.21095452120771804
2.655,0.04559141333598128,88.5385782151131,0,100,3.0,2,0.21858570722996248
2.66,0.03306217087257399,88.76624892522591,0,100,3.0,2,0.22309403812328532
2.665,0.02345067901074276,88.82603771663241,0,100,3.0,2,0.22427797458678045
2.67,0.016268788896435526,88.71524935893723,0,100,3.0,2,0.22208414572152926
2.675,0.011039026374860051,88.43886075670979,0,100,3.0,2,0.2166111040932631
2.68,0.007326255555493689,88.00914720955005,0,100,3.0,2,0.20810192494158516
2.685,0.0047556414315231815,87.44477763798974,0,100,3.0,2,0.19692628986118307
2.69,0.0030193390635632803,86.76946988444872,0,100,3.0,2,0.18355385909799454
2.695,0.001874953127946523,86.0103405328122,0,100,3.0,2,0.16852159470915234
2.7,0.0011387927410965778,85.1961087935566,0,100,3.0,2,0.15239819393181395
2.705,0.0006765107634274089,84.35531914558466,0,100,3.0,2,0.13574889397197343
2.71,0.00039307957404427924,83.51473332893123,0,100,3.0,2,0.11910363027586592
2.715,0.00022338910511776318,82.69801221580293,0,100,3.0,2,0.10293093496639472
2.72,0.00012417073320013317,81.92476728085217,0,100,3.0,2,0.08761915407628051
2.725,6.750753468904987e-05,81.2100160794701,0,100,3.0,2,0.07346566494000187
2.73,3.5897234866245036e-05,80.56403251225963,0,100,3.0,2,0.06067391113385405
2.735,1.8670050400879738e-05,79.99254590939884,0,100,3.0,2,0.04935734474057114
2.74,9.497421874143672e-06,79.49721667177356,0,100,3.0,2,0.039548844985615
2.745,4.725434140340885e-06,79.07630197143015,0,100,3.0,2,0.031213900424359505
2.75,2.299606063738814e-06,78.72542256815419,0,100,3.0,2,0.024265793428795777
2.755,1.0945633976635486e-06,78.43834933264405,0,100,3.0,2,0.018581174903842604
2.76,5.095703414287532e-07,78.20774277436361,0,100,3.0,2,0.01401470840323979
2.765,2.3202944964797243e-07,78.02579755035103,0,100,3.0,2,0.010411832680218405
2.77,1.0333746954038608e-07,77.88476352268945,0,100,3.0,2,0.007619079657216909
2.775,4.501406988770349e-08,77.77733293361308,0,100,3.0,2,0.005491741259664978
2.78,0.0,77.69689796089891,0,100,3.0,2,0.0038989695227506687
2.785,0.0,77.63769342762592,0,100,3.0,2,0.0027266025272459243
2.79,0.0,77.59484565128201,0,100,3.0,2,0.0018781317085547404
2.795,0.0,77.56435078582085,0,100,3.0,2,0.0012742729865514734
2.8,0.0,77.54300535190977,0,100,3.0,2,0.0008515911269261333
2.805,0.0,77.52830892491497,0,100,3.0,2,0.0005605727705934027
2.81,0.0,77.5183550878223,0,100,3.0,2,0.0003634670855901034
2.815,0.0,77.51172254143796,0,100,3.0,2,0.0002321295334249863
2.82,0.0,77.50737427460564,0,100,3.0,2,0.00014602523971560832
2.825,0.0,77.50456929349846,0,100,3.0,2,9.04810593755032e-05
2.83,0.0,77.5027887592473,0,100,3.0,2,5.522295539198113e-05
2.835,0.0,77.50167650638357,0,100,3.0,2,3.319814620940318e-05
2.84,0.0,77.50099273108047,0,100,3.0,2,1.9658041197479378e-05
2.845,0.0,77.50057901557518,0,100,3.0,2,1.1465654954136962e-05
2.85,0.0,77.50033264507117,0,100,3.0,2,6.587031112242738e-06
2.855,0.0,77.50018823663869,0,100,3.0,2,3.727458191926218e-06
2.86,0.0,77.50010492028098,0,100,3.0,2,2.0776293262437016e-06
2.865,0.0,77.50005760324511,0,100,3.0,2,1.1406583190242906e-06
2.87,0.0,77.50003115061858,0,100,3.0,2,6.168439323245015e-07
2.875,0.0,77.50001659275955,0,100,3.0,2,3.285694960465149e-07
2.88,0.001684486749771458,77.5000087056817,0,100,3.0,2,1.7238973650999488e-07
2.885,0.00456624331333666,77.50000449903288,0,100,3.0,2,8.908976006201592e-08
2.89,0.011079731271581421,77.50000229017026,0,100,3.0,2,4.5349906096618887e-08
2.895,0.024064571490409,77.5000011482821,0,100,3.0,2,2.2738259310631967e-08
2.9,0.046784906529573234,77.50000056710259,0,100,3.0,2,1.1229754235419834e-08
2.905,0.08141644351188804,77.50000027587154,0,100,3.0,2,5.4628028217596484e-09
2.91,0.12682276464025305,77.50000013218568,0,100,3.0,2,2.617538133437289e-09
2.915,0.1768320708657512,77.500000062387,0,100,3.0,2,1.235386182790787e-09
2.92,0.22070063230473494,77.50000002900254,0,100,3.0,2,5.743076333529454e-10
2.925,0.24656126505113576,77.50000001328037,0,100,3.0,2,2.629776352676183e-10
2.93,0.24656126505724016,77.50000000598986,0,100,3.0,2,1.1861110993273127e-10
2.935,0.220700632329898,77.50000000266107,0,100,3.0,2,5.2694412090096365e-11
2.94,0.17683207093748562,77.50000000116447,0,100,3.0,2,2.3058729843031337e-11
2.945,0.12682276483597799,77.50000000050191,0,100,3.0,2,9.938874805667714e-12
2.95,0.08141644409447898,77.50000000021309,0,100,3.0,2,4.219638939692159e-12
2.955,0.04678490952598309,77.50000000008912,0,100,3.0,2,1.7646786122580548e-12
2.96,0.024064605020532023,77.5000000000367,0,100,3.0,2,7.268641134528074e-13
2.965,0.011080171739334697,77.5000000000149,0,100,3.0,2,2.949104107234e-13
2.97,0.004571212771509492,77.50000000000595,0,100,3.0,2,1.1790788367662653e-13
2.975,0.0017299316936037438,77.50000000000234,0,100,3.0,2,4.6431505505115455e-14
2.98,0.0008899431850697582,77.50000000000091,0,100,3.0,2,1.800979607471145e-14
2.985,0.002128806368910263,77.50000000000034,0,100,3.0,2,6.7536735280167935e-15
2.99,0.009309664818487698,77.50000000000013,0,100,3.0,2,2.5326275730062976e-15
2.995,0.03503263543368747,77.50000000000004,0,100,3.0,2,8.442091910020992e-16
3.0,0.10606267793605692,77.50000000000001,0,100,3.0,2,2.814030636673664e-16
3.005,0.25734927343160535,77.5,0,100,3.0,2,0.0
3.01,0.5003202479539708,77.5,0,100,3.0,2,0.0
3.015,0.7793067891790435,77.5,0,100,3.0,2,0.0
3.02,0.9720477407234077,77.50000298257781,1,100,3.0,2,5.9060946760288096e-08
3.025,0.967267334488097,77.50000698562181,0,100,3.0,2,1.3832914473283328e-07
3.03,0.7505869905515209,77.50001839468638,0,100,3.0,2,3.642512154166782e-07
3.035,0.4028369574773956,77.50005766999934,0,100,3.0,2,1.1419801848709954e-06
3.04,0.04553881263121314,77.50020995712008,0,100,3.0,2,4.157566734204353e-06
3.045,-0.189138810908105,77.50081280880359,0,100,3.0,2,1.6095223833415298e-05
3.05,-0.22868072635956738,77.503097351455,0,100,3.0,2,6.133369217815863e-05
3.055,-0.14104670682394166,77.51113090624347,0,100,3.0,2,0.00022041398501912253
3.06,-0.051158381651102834,77.53698570626372,0,100,3.0,2,0.0007323902230439779
3.065,-0.008206426846427752,77.61265550495322,0,100,3.0,2,0.0022308020782816694
3.07,0.005350271385530505,77.81335454355643,0,100,3.0,2,0.006205040466463934
3.075,0.01084668799215426,78.2945754104132,0,100,3.0,2,0.015734166542835687
3.08,0.016256859896386415,79.33525192393353,0,100,3.0,2,0.036341622256109436
3.085,0.02345021205790711,81.35961530766114,0,100,3.0,2,0.07642802589428009
3.09,0.0330621597308209,84.88912272221204,0,100,3.0,2,0.14631926182598093
3.095,0.04559141319943196,90.37654399373201,0,100,3.0,2,0.25498106918281216
3.1,0.06149084917446989,97.92423792213376,0,100,3.0,2,0.40444035489373775
3.105,0.08111733445924295,106.98718963572514,0,100,3.0,2,0.5839047452618841
3.11,0.1046628598272375,116.25086790845694,0,100,3.0,2,0.7673439189793453
3.115,0.1320831047748631,123.85923787688145,0,100,3.0,2,0.918004710433296
3.12,0.16303381314489318,128.0,0,100,3.0,2,1.0
3.125,0.19682662652900276,127.61098502595775,0,100,3.0,2,0.9922967331872821
3.13,0.23241585813229,122.83587158770212,0,100,3.0,2,0.8977400314396459
3.135,0.26842527782774417,114.96520763494516,0,100,3.0,2,0.7418852997018843
3.14,0.30321927900592993,105.89752443347074,0,100,3.0,2,0.562327216504371
3.145,0.3350163137995362,97.4283723807234,0,100,3.0,2,0.39462123526184956
3.15,0.3620352400956416,90.72827099469485,0,100,3.0,2,0.2619459602909872
3.155,0.3826586036805073,86.19634780611744,0,100,3.0,2,0.17220490705183059
3.16,0.39559233134833227,83.63586300786153,0,100,3.0,2,0.12150223777943625
3.165,0.4,82.56052605964184,0,100,3.0,2,0.10020843682459098
3.17,0.39559233134833227,82.45518590911567,0,100,3.0,2,0.09812249324981524
3.175,0.3826586036805073,82.9135053462967,0,100,3.0,2,0.10719812566924163
3.18,0.3620352400956416,83.66619963054956,0,100,3.0,2,0.12210296298117933
3.185,0.3350163137995362,84.55142388335696,0,100,3.0,2,0.13963215610607843
3.19,0.3032192790059296,85.47238297465216,0,100,3.0,2,0.15786896979509235
3.195,0.26842527782774417,86.36478766196998,0,100,3.0,2,0.17554034974197988
3.2,0.23241585813229,87.17876238495688,0,100,3.0,2,0.1916586610882551
3.205,0.19682662652900276,87.87166435112398,0,100,3.0,2,0.205379492101465
3.21,0.16303381314489318,88.40698222909897,0,100,3.0,2,0.21597984612077173
3.215,0.13208310477486307,88.75580649977894,0,100,3.0,2,0.22288725742136517
3.22,0.10466285982723562,88.89887430140394,0,100,3.0,2,0.22572028319611753
3.225,0.08111733445917907,88.82817993521967,0,100,3.0,2,0.22432039475682505
3.23,0.06149084917398798,88.54767901408137,0,100,3.0,2,0.21876592107091816
3.235,0.04559141333598128,88.07291340431424,0,100,3.0,2,0.20936462186760862
3.24,0.03306217087257399,87.42958320393963,0,100,3.0,2,0.19662540997900255
3.245,0.02345067901074276,86.65124282568554,0,100,3.0,2,0.1812127292214959
3.25,0.016268788896435526,85.77640730681179,0,100,3.0,2,0.1638892536002335
3.255,0.011039026374860051,84.8454151685361,0,100,3.0,2,0.14545376571358629
3.26,0.007326255555493689,83.8974007286156,0,100,3.0,2,0.12668120254684345
3.265,0.0047556414315231815,82.96768491225848,0,100,3.0,2,0.108270988361554
3.27,0.0030193390635632803,82.08581065794073,0,100,3.0,2,0.09080813184041042
3.275,0.001874953127946523,81.27434395854696,0,100,3.0,2,0.07473948432766267
3.28,0.0011387927410965778,80.54845330467741,0,100,3.0,2,0.060365411973810075
3.285,0.0006765107634274089,79.91618583984749,0,100,3.0,2,0.047845264155395764
3.29,0.00039307957404427924,79.37929015460902,0,100,3.0,2,0.03721366642790146
3.295,0.00022338910511776318,78.93439927898388,0,100,3.0,2,0.028403946118492576
3.3,0.00012417073320013317,78.57438266865057,0,100,3.0,2,0.021274904329714284
3.305,6.750753468904987e-05,78.28969728617166,0,100,3.0,2,0.01563757002320117
3.31,3.5897234866245036e-05,78.06960660042824,0,100,3.0,2,0.011279338622341472
3.315,1.8670050400879738e-05,77.90318289291574,0,100,3.0,2,0.007983819661697764
3.32,9.497421874143672e-06,77.78005407488197,0,100,3.0,2,0.005545625245187608
3.325,4.725434140340885e-06,77.69089493772672,0,100,3.0,2,0.0037800977767668284
3.33,2.299606063738814e-06,77.62769081034563,0,100,3.0,2,0.002528530897933197
3.335,1.0945633976635486e-06,77.58381805725054,0,100,3.0,2,0.0016597635099116707
3.34,5.095703414287532e-07,77.55399185562284,0,100,3.0,2,0.0010691456558978225
3.345,2.3202944964797243e-07,77.53412963416547,0,100,3.0,2,0.0006758343399102353
3.35,1.0333746954038608e-07,77.52117130985577,0,100,3.0,2,0.0004192338585301734
3.355,4.501406988770349e-08,77.51288773328321,0,100,3.0,2,0.0002552026392714372
3.36,0.0,77.50769871188156,0,100,3.0,2,0.00015244974022890023
3.365,0.0,77.5045130724965,0,100,3.0,2,8.936777220779138e-05
3.37,0.0,77.50259620671603,0,100,3.0,2,5.141003398089107e-05
3.375,0.0,77.50146561177017,0,100,3.0,2,2.9022015250928793e-05
3.38,0.0,77.50081191643977,0,100,3.0,2,1.6077553262824374e-05
3.385,0.0,77.50044138385367,0,100,3.0,2,8.740274330083333e-06
3.39,0.0,77.500235469285,0,100,3.0,2,4.662758118850587e-06
3.395,0.0,77.5001232721027,0,100,3.0,2,2.4410317365945417e-06
3.4,0.001684486749771458,77.50006332979159,0,100,3.0,2,1.2540552789475738e-06
3.405,0.00456624331333666,77.50003192743502,0,100,3.0,2,6.322264359913797e-07
3.41,0.011079731271581421,77.50001579547595,0,100,3.0,2,3.1278170189859274e-07
3.415,0.024064571490409,77.50000766856529,0,100,3.0,2,1.518527779911766e-07
3.42,0.046784906529573234,77.50000365349266,0,100,3.0,2,7.234638920942082e-08
3.425,0.08141644351188804,77.50000170810699,0,100,3.0,2,3.382390084628034e-08
3.43,0.12682276464025305,77.50000078367253,0,100,3.0,2,1.55182679819599e-08
3.435,0.1768320708657512,77.50000035283112,0,100,3.0,2,6.986754901800391e-09
3.44,0.22070063230473494,77.5000001558877,0,100,3.0,2,3.086885238072943e-09
3.445,0.24656126505113576,77.50000006758799,0,100,3.0,2,1.3383760458532154e-09
3.45,0.24656126505724016,77.50000002875676,0,100,3.0,2,5.694407673668183e-10
3.455,0.220700632329898,77.50000001200668,0,100,3.0,2,2.377560414772395e-10
3.46,0.17683207093748562,77.50000000491947,0,100,3.0,2,9.74152683711779e-11
3.465,0.12682276483597799,77.50000000197801,0,100,3.0,2,3.916849243186073e-11
3.47,0.08141644409447898,77.50000000078046,0,100,3.0,2,1.5454656256611765e-11
3.475,0.04678490952598309,77.5000000003022,0,100,3.0,2,5.9840361488865464e-12
3.48,0.024064605020532023,77.50000000011482,0,100,3.0,2,2.2737367544323206e-12
3.485,0.011080171739334697,77.50000000004282,0,100,3.0,2,8.47867430829775e-13
3.49,0.004571212771509492,77.50000000001566,0,100,3.0,2,3.101061761614378e-13
3.495,0.0017299316936037438,77.50000000000563,0,100,3.0,2,1.114356132122771e-13
3.5,0.0008899431850697582,77.50000000000198,0,100,3.0,2,3.911502584976393e-14
3.505,0.002128806368910263,77.50000000000068,0,100,3.0,2,1.3507347056033587e-14
3.51,0.009309664818487698,77.50000000000023,0,100,3.0,2,4.502449018677863e-15
3.515,0.03503263543368747,77.50000000000007,0,100,3.0,2,1.4070153183368321e-15
3.52,0.10606267793605692,77.50000000000003,0,100,3.0,2,5.628061273347328e-16
3.525,0.25734927343160535,77.50000000000001,0,100,3.0,2,2.814030636673664e-16
3.53,0.5003202479539708,77.5,0,100,3.0,2,0.0
3.535,0.7793067891790435,77.5,0,100,3.0,2,0.0
3.54,0.9720477407234077,77.50000296527844,1,100,3.0,2,5.871838496177858e-08
3.545,0.967267334488097,77.50000700645296,0,100,3.0,2,1.3874164279054685e-07
3.55,0.7505869905515209,77.50001866949647,0,100,3.0,2,3.696929993994033e-07
3.555,0.4028369574773956,77.50005945083912,0,100,3.0,2,1.1772443389584775e-06
3.56,0.04553881263121314,77.50021999882574,0,100,3.0,2,4.356412390923579e-06
3.565,-0.189138810908105,77.50086359407689,0,100,3.0,2,1.710087280969782e-05
3.57,-0.22868072635956738,77.50332633869756,0,100,3.0,2,6.586809302102845e-05
3.575,-0.14104670682394166,77.51204875046042,0,100,3.0,2,0.00023858911802817332
3.58,-0.051158381651102834,77.54025705190755,0,100,3.0,2,0.0007971693447038686
3.585,-0.008206426846427752,77.62303509149118,0,100,3.0,2,0.002436338445369808
3.59,0.005350271385530505,77.84269814607144,0,100,3.0,2,0.006786101902404783
3.595,0.01084668799215426,78.36850162670893,0,100,3.0,2,0.017198052014038293
3.6,0.016256859896386415,79.50109120486341,0,100,3.0,2,0.039625568413136913
3.605,0.02345021205790711,81.6902018193245,0,100,3.0,2,0.0829742934519703
3.61,0.0330621597308209,85.47245634088574,0,100,3.0,2,0.15787042259179687
3.615,0.04559141319943196,91.28156349234476,0,100,3.0,3,0.27290224737316354
3.62,0.06149084917446989,99.14406815206804,0,100,3.0,3,0.42859540895184245
3.625,0.08111733445924295,108.382822197554,0,100,3.0,3,0.6115410336149308
3.63,0.1046628598272375,117.53654143486888,0,100,3.0,3,0.7928028006904728
3.635,0.1320831047748631,124.66411210492427,0,100,3.0,3,0.9339428139588964
3.64,0.16303381314489318,128.0,0,100,3.0,3,1.0
3.645,0.19682662652900276,126.67170864118145,0,100,3.0,3,0.9736972008154743
3.65,0.23241585813229,121.08520651026575,0,100,3.0,3,0.8630733962428861
3.655,0.26842527782774417,112.74898901331807,0,100,3.0,3,0.6979997824419419
3.66,0.30321927900592993,103.64243283024122,0,100,3.0,3,0.5176719372324994
3.665,0.3350163137995362,95.4897324554285,0,100,3.0,3,0.3562323258500692
3.67,0.3620352400956416,89.29811604458322,0,100,3.0,3,0.23362606028877672
3.675,0.3826586036805073,85.29850850715897,0,100,3.0,3,0.15442591103285092
3.68,0.39559233134833227,83.18253963898181,0,100,3.0,3,0.11252553740558036
3.685,0.4,82.42347603714165,0,100,3.0,3,0.09749457499290404
3.69,0.39559233134833227,82.51675000537965,0,100,3.0,3,0.09934158426494354
3.695,0.3826586036805073,83.08767163801866,0,100,3.0,3,0.11064696312908243
3.7,0.3620352400956416,83.8978205453552,0,100,3.0,3,0.12668951574960796
3.705,0.3350163137995362,84.80637987492258,0,100,3.0,3,0.14468078960242742
3.71,0.3032192790059296,85.72767841740519,0,100,3.0,3,0.16292432509713242
3.715,0.26842527782774417,86.6021045588055,0,100,3.0,3,0.18023969423377215
3.72,0.23241585813229,87.38151142982161,0,100,3.0,3,0.19567349365983394
3.725,0.19682662652900276,88.02436528258878,0,100,3.0,3,0.20840327292255
3.73,0.16303381314489318,88.49584381987314,0,100,3.0,3,0.2177394815816464
3.735,0.13208310477486307,88.76975248418826,0,100,3.0,3,0.2231634155284804
3.74,0.10466285982723562,88.83057420039356,0,100,3.0,3,0.22436780594838726
3.745,0.08111733445917907,88.6748296681961,0,100,3.0,3,0.2212837558058633
3.75,0.06149084917398798,88.31138438289861,0,100,3.0,3,0.2140868194633388
3.755,0.04559141333598128,87.76060809277041,0,100,3.0,3,0.2031803582726814
3.76,0.03306217087257399,87.05248326941906,0,100,3.0,3,0.1891580845429516
3.765,0.02345067901074276,86.22390375393708,0,100,3.0,3,0.17275056938489267
3.77,0.016268788896435526,85.31550129752104,0,100,3.0,3,0.15476240193110966
3.775,0.011039026374860051,84.36837830081043,0,100,3.0,3,0.1360074911051571
3.78,0.007326255555493689,83.42110782121381,0,100,3.0,3,0.11724965982601603
3.785,0.0047556414315231815,82.50729439299111,0,100,3.0,3,0.0991543444156656
3.79,0.0030193390635632803,81.65388697691441,0,100,3.0,3,0.08225518766167143
3.795,0.001874953127946523,80.8803184807592,0,100,3.0,3,0.06693699961899406
3.8,0.0011387927410965778,80.19843497970795,0,100,3.0,3,0.05343435603382088
3.805,0.0006765107634274089,79.61308851802234,0,100,3.0,3,0.04184333699054133
3.81,0.00039307957404427924,79.12321039949006,0,100,3.0,3,0.032142780187922035
3.815,0.00022338910511776318,78.7231601872771,0,100,3.0,3,0.024220993807467374
3.82,0.00012417073320013317,78.40415575531765,0,100,3.0,3,0.017904074362725664
3.825,6.750753468904987e-05,78.15562357182725,0,100,3.0,3,0.012982644986678197
3.83,3.5897234866245036e-05,77.96635567064843,0,100,3.0,3,0.00923476575541437
3.835,1.8670050400879738e-05,77.82541034731804,0,100,3.0,3,0.006443769253822589
3.84,9.497421874143672e-06,77.72273929920736,0,100,3.0,3,0.004410679192224986
3.845,4.725434140340885e-06,77.64955940664728,0,100,3.0,3,0.0029615724088571235
3.85,2.299606063738814e-06,77.59851038402637,0,100,3.0,3,0.0019507006737894857
3.855,1.0945633976635486e-06,77.56365048024176,0,100,3.0,3,0.0012604055493418197
3.86,5.095703414287532e-07,77.54034342370706,0,100,3.0,3,0.0007988796773674656
3.865,2.3202944964797243e-07,77.52508390874634,0,100,3.0,3,0.0004967110642839413
3.87,1.0333746954038608e-07,77.51529921215113,0,100,3.0,3,0.0003029546960620715
3.875,4.501406988770349e-08,77.50915365027589,0,100,3.0,3,0.00018126040150279847
3.88,0.0,77.50537243238824,0,100,3.0,3,0.00010638479976716896
3.885,0.0,77.5030931358569,0,100,3.0,3,6.12502149881313e-05
3.89,0.0,77.50174694175949,0,100,3.0,3,3.4592906128562676e-05
3.895,0.0,77.50096785266774,0,100,3.0,3,1.9165399361225913e-05
3.9,0.0,77.50052600693556,0,100,3.0,3,1.0415978921952442e-05
3.905,0.0,77.50028043039491,0,100,3.0,3,5.553077126912943e-06
3.91,0.0,77.50014665946307,0,100,3.0,3,2.904147783562558e-06
3.915,0.001684486749771458,77.5000752396024,0,100,3.0,3,1.4898931167431104e-06
3.92,0.00456624331333666,77.50003786467967,0,100,3.0,3,7.497956370107294e-07
3.925,0.011079731271581421,77.500018692762,0,100,3.0,3,3.7015370292753533e-07
3.93,0.024064571490409,77.50000905240674,0,100,3.0,3,1.7925557898760786e-07
3.935,0.046784906529573234,77.50000430037211,0,100,3.0,3,8.51558834008504e-08
3.94,0.08141644351188804,77.5000020040078,0,100,3.0,3,3.968332271367694e-08
3.945,0.12682276464025305,77.50000091610272,0,100,3.0,3,1.814064793651065e-08
3.95,0.1768320708657512,77.50000041080936,0,100,3.0,3,8.134838879522078e-09
3.955,0.22070063230473494,77.50000018071238,0,100,3.0,3,3.578462903335256e-09
3.96,0.24656126505113576,77.50000007798064,0,100,3.0,3,1.5441711715683064e-09
3.965,0.24656126505724016,77.50000003300937,0,100,3.0,3,6.536509155723414e-10
3.97,0.220700632329898,77.5000000137069,0,100,3.0,3,2.714236668205306e-10
3.975,0.17683207093748562,77.50000000558332,0,100,3.0,3,1.1056073108733526e-10
3.98,0.12682276483597799,77.50000000223099,0,100,3.0,3,4.4178029771267186e-11
3.985,0.08141644409447898,77.50000000087448,0,100,3.0,3,1.731641892583506e-11
3.99,0.04678490952598309,77.50000000033624,0,100,3.0,3,6.658277889433557e-12
3.995,0.024064605020532023,77.50000000012683,0,100,3.0,3,2.511522343231245e-12
4.0,0.011080171739334697,77.50000000004692,0,100,3.0,3,9.29192916229644e-13
4.005,0.004571212771509492,77.50000000001704,0,100,3.0,3,3.3740227333717235e-13
4.01,0.0017299316936037438,77.50000000000607,0,100,3.0,3,1.2015910818596546e-13
4.015,0.0008899431850697582,77.50000000000212,0,100,3.0,3,4.1929056486437595e-14
4.02,0.002128806368910263,77.50000000000072,0,100,3.0,3,1.4351556247035687e-14
4.025,0.009309664818487698,77.50000000000024,0,100,3.0,3,4.783852082345229e-15
4.03,0.03503263543368747,77.50000000000009,0,100,3.0,3,1.6884183820041984e-15
4.035,0.10606267793605692,77.50000000000003,0,100,3.0,3,5.628061273347328e-16
4.04,0.25734927343160535,77.50000000000001,0,100,3.0,3,2.814030636673664e-16
4.045,0.5003202479539708,77.5,0,100,3.0,3,0.0
4.05,0.7793067891790435,77.5,0,100,3.0,3,0.0
4.055,0.9720477407234077,77.5000029754369,1,100,3.0,3,5.8919542565004434e-08
4.06,0.967267334488097,77.50000599695579,0,100,3.0,3,1.1875159984946108e-07
4.065,0.7505869905515209,77.50001298600604,0,100,3.0,3,2.571486344784194e-07
4.07,0.4028369574773956,77.50003147504462,0,100,3.0,3,6.232682103405516e-07
4.075,0.04553881263121314,77.50008619286392,0,100,3.0,3,1.7067893845188057e-06
4.08,-0.189138810908105,77.50025730044038,0,100,3.0,3,5.095058225374532e-06
4.085,-0.22868072635956738,77.5007933249374,0,100,3.0,3,1.570940470108524e-05
4.09,-0.14104670682394166,77.50241950076978,0,100,3.0,3,4.791090633219001e-05
4.095,-0.051158381651102834,77.50711144306592,0,100,3.0,3,0.00014082065477076427
4.1,-0.008206426846427752,77.51986871228921,0,100,3.0,3,0.0003934398473110814
4.105,0.005350271385530505,77.55240190738294,0,100,3.0,3,0.0010376615323355166
4.11,0.01084668799215426,77.63001002590855,0,100,3.0,3,0.0025744559585850857
4.115,0.016256859896386415,77.80289200489227,0,100,3.0,3,0.0059978614830152755
4.12,0.02345021205790711,78.16202929152928,0,100,3.0,3,0.013109490921371869
4.125,0.0330621597308209,78.85684044003119,0,100,3.0,3,0.02686812752537014
4.13,0.04559141319943196,80.10689364457848,0,100,3.0,3,0.05162165632828668
4.135,0.06149084917446989,82.19454731190469,0,100,3.0,3,0.09296133290900367
4.14,0.08111733445924295,85.42322629870154,0,100,3.0,3,0.15689557027131754
4.145,0.1046628598272375,90.03220955939476,0,100,3.0,3,0.24816256553256946
4.15,0.1320831047748631,96.0763779834986,0,100,3.0,3,0.36784906898017034
4.155,0.16303381314489318,103.30485469372982,0,100,3.0,3,0.5109872216580162
4.16,0.19682662652900276,111.0935870574871,0,100,3.0,3,0.6652195456928138
4.165,0.23241585813229,118.48679998058978,0,100,3.0,3,0.8116198015958372
4.17,0.26842527782774417,124.3703389478431,0,100,3.0,3,0.9281255237196653
4.175,0.30321927900592993,127.74334061454307,0,100,3.0,3,0.994917635931546
4.18,0.3350163137995362,128.0,0,100,3.0,3,1.0
4.185,0.3620352400956416,125.11330099463837,0,100,3.0,3,0.9428376434581854
4.19,0.3826586036805073,119.64481297500973,0,100,3.0,3,0.8345507519803906
4.195,0.39559233134833227,112.57637305393439,0,100,3.0,3,0.6945816446323642
4.2,0.4,105.03340955907804,0,100,3.0,3,0.5452160308728324
4.205,0.39559233134833227,98.00714308426187,0,100,3.0,3,0.4060820412725123
4.21,0.3826586036805073,92.16807227358933,0,100,3.0,3,0.29045687670473924
4.215,0.3620352400956416,87.8106625064421,0,100,3.0,3,0.20417153478103167
4.22,0.3350163137995362,84.91128351654942,0,100,3.0,3,0.14675808943662214
4.225,0.3032192790059296,83.24627791934817,0,100,3.0,3,0.11378768157125096
4.23,0.26842527782774417,82.51389380055394,0,100,3.0,3,0.09928502575354345
4.235,0.23241585813229,82.42351586481769,0,100,3.0,3,0.0974953636597562
4.24,0.19682662652900276,82.74137651779043,0,100,3.0,3,0.10378963401565204
4.245,0.16303381314489318,83.30063613325049,0,100,3.0,3,0.1148640818465444
4.25,0.13208310477486307,83.99100308268714,0,100,3.0,3,0.1285347145086563
4.255,0.10466285982723562,84.74151848915058,0,100,3.0,3,0.14339640572575404
4.26,0.08111733445917907,85.50482196555724,0,100,3.0,3,0.15851132605063845
4.265,0.06149084917398798,86.24611874995509,0,100,3.0,3,0.17319047029614035
4.27,0.04559141333598128,86.93688968311473,0,100,3.0,3,0.1868691026359352
4.275,0.03306217087257399,87.552095598575,0,100,3.0,3,0.19905139799158403
4.28,0.02345067901074276,88.06949801926329,0,100,3.0,3,0.20929699048046124
4.285,0.016268788896435526,88.47004810840187,0,100,3.0,3,0.2172286754138984
4.29,0.011039026374860051,88.73867645530594,0,100,3.0,3,0.2225480486199195
4.295,0.007326255555493689,88.86509801461254,0,100,3.0,3,0.22505144583391173
4.3,0.0047556414315231815,88.84442009521223,0,100,3.0,3,0.22464198208341046
4.305,0.0030193390635632803,88.6774424986801,0,100,3.0,3,0.2213354950233682
4.31,0.001874953127946523,88.37060213916769,0,100,3.0,3,0.21525944830035024
4.315,0.0011387927410965778,87.93556017778981,0,100,3.0,3,0.20664475599583781
4.32,0.0006765107634274089,87.38846637634401,0,100,3.0,3,0.19581121537314877
4.325,0.00039307957404427924,86.74896474048299,0,100,3.0,3,0.18314781664322752
4.33,0.00022338910511776318,86.03902558407252,0,100,3.0,3,0.16908961552618848
4.335,0.00012417073320013317,85.2817005402186,0,100,3.0,3,0.1540930800043286
4.34,6.750753468904987e-05,84.49989815970547,0,100,3.0,3,0.1386118447466429
4.345,3.5897234866245036e-05,83.71526910843023,0,100,3.0,3,0.1230746358104997
4.35,1.8670050400879738e-05,82.94727325500796,0,100,3.0,3,0.10786679712887044
4.355,9.497421874143672e-06,82.21247863298953,0,100,3.0,3,0.0933164085740501
4.36,4.725434140340885e-06,81.52411733001249,0,100,3.0,3,0.07968549168341559
4.365,2.299606063738814e-06,80.89189878152109,0,100,3.0,3,0.06716631250536817
4.37,1.0945633976635486e-06,80.32205933831581,0,100,3.0,3,0.05588236313496654
4.375,5.095703414287532e-07,79.8176102712143,0,100,3.0,3,0.045893272697313
4.38,2.3202944964797243e-07,79.3787356692764,0,100,3.0,3,0.03720268652032466
4.385,1.0333746954038608e-07,79.00328721222063,0,100,3.0,3,0.02976806360832925
4.39,4.501406988770349e-08,78.68732401962978,0,100,3.0,3,0.023511366725342264
4.395,0.0,78.425651592325,0,100,3.0,3,0.018329734501485076
4.4,0.0,78.21232282339807,0,100,3.0,3,0.014105402443526104
4.405,0.0,78.04107463502996,0,100,3.0,3,0.010714349208514011
4.41,0.0,77.90568457847962,0,100,3.0,3,0.008033357989695492
4.415,0.0,77.8002415759474,0,100,3.0,3,0.005945377741532598
4.42,0.0,77.71933309720917,0,100,3.0,3,0.004343229647706395
4.425,0.0,77.658157036978,0,100,3.0,3,0.0031318225144157776
4.43,0.0,77.61257031386367,0,100,3.0,3,0.002229115126013285
4.435,0.0,77.57908793610137,0,100,3.0,3,0.0015660977445816565
4.44,0.0,77.55484633547951,0,100,3.0,3,0.0010860660490992148
4.445,0.0,77.53754360721969,0,100,3.0,3,0.0007434377667265164
4.45,0.0,77.52536736675137,0,100,3.0,3,0.0005023240940864967
4.455,0.0,77.51691865312054,0,100,3.0,3,0.0003350228340701226
4.46,0.0,77.51113799947356,0,100,3.0,3,0.00022055444502101825
4.465,0.0,77.50723768383935,0,100,3.0,3,0.0001433204720663273
4.47,0.0,77.50464240506564,0,100,3.0,3,9.19288131809584e-05
4.475,0.0,77.50293925633632,0,100,3.0,3,5.820309576869035e-05
4.48,0.0,77.5018368889561,0,100,3.0,3,3.637403873477245e-05
4.485,0.0,77.50113312899164,0,100,3.0,3,2.2438197854254743e-05
4.49,0.0,77.50068996459827,0,100,3.0,3,1.3662665312191021e-05
4.495,0.0,77.50041469163281,0,100,3.0,3,8.211715501237458e-06
4.5,0.0,77.50024602245387,0,100,3.0,3,4.8717317597065364e-06
4.505,0.0,77.50014407055438,0,100,3.0,3,2.8528822650347895e-06
4.51,0.0,77.50008327731553,0,100,3.0,3,1.6490557529755503e-06
4.515,0.0,77.50004751483387,0,100,3.0,3,9.40887799337775e-07
4.52,0.0,77.50002675979127,0,100,3.0,3,5.298968567961373e-07
4.525,0.0,77.50001487603653,0,100,3.0,3,2.9457498080413606e-07
4.53,0.0,77.50000816286773,0,100,3.0,3,1.6164094513487276e-07
4.535,0.0,77.50000442129294,0,100,3.0,3,8.755035529554e-08
4.54,0.001684486749771458,77.50000236377878,0,100,3.0,3,4.680750052021623e-08
4.545,0.00456624331333666,77.50000124742768,0,100,3.0,3,2.4701538135073267e-08
4.55,0.011079731271581421,77.50000064979285,0,100,3.0,3,1.2867185196318141e-08
4.555,0.024064571490409,77.50000033410694,0,100,3.0,3,6.61597906932146e-09
4.56,0.046784906529573234,77.50000016956923,0,100,3.0,3,3.3578066004248277e-09
4.565,0.08141644351188804,77.50000008494926,0,100,3.0,3,1.682163636108064e-09
4.57,0.12682276464025305,77.50000004200716,0,100,3.0,3,8.318249235731621e-10
4.575,0.1768320708657512,77.50000002050396,0,100,3.0,3,4.060190335756956e-10
4.58,0.22070063230473494,77.50000000987878,0,100,3.0,3,1.9561930952981544e-10
4.585,0.24656126505113576,77.50000000469808,0,100,3.0,3,9.3031290042304e-11
4.59,0.24656126505724016,77.5000000022054,0,100,3.0,3,4.367122285360226e-11
4.595,0.220700632329898,77.50000000102189,0,100,3.0,3,2.023541290525665e-11
4.6,0.17683207093748562,77.50000000046738,0,100,3.0,3,9.255065360956014e-12
4.605,0.12682276483597799,77.500000000211,0,100,3.0,3,4.178272689333056e-12
4.61,0.08141644409447898,77.50000000009403,0,100,3.0,3,1.8620440722869634e-12
4.615,0.04678490952598309,77.50000000004135,0,100,3.0,3,8.188829152720362e-13
4.62,0.024064605020532023,77.50000000001796,0,100,3.0,3,3.5569347247555116e-13
4.625,0.011080171739334697,77.5000000000077,0,100,3.0,3,1.525204605077126e-13
4.63,0.004571212771509492,77.50000000000325,0,100,3.0,3,6.44413015798269e-14
4.635,0.0017299316936037438,77.50000000000136,0,100,3.0,3,2.7014694112067174e-14
4.64,0.0008899431850697582,77.50000000000055,0,100,3.0,3,1.097471948302729e-14
4.645,0.002128806368910263,77.50000000000023,0,100,3.0,3,4.502449018677863e-15
4.65,0.009309664818487698,77.50000000000009,0,100,3.0,3,1.6884183820041984e-15
4.655,0.03503263543368747,77.50000000000003,0,100,3.0,3,5.628061273347328e-16
4.66,0.10606267793605692,77.50000000000001,0,100,3.0,3,2.814030636673664e-16
4.665,0.25734927343160535,77.5,0,100,3.0,3,0.0
4.67,0.5003202479539708,77.5,0,100,3.0,3,0.0
4.675,0.7793067891790435,77.5,0,100,3.0,3,0.0
4.68,0.9720477407234077,77.50000297482039,1,100,3.0,3,5.8907334455893355e-08
4.685,0.967267334488097,77.50000582895335,0,100,3.0,3,1.1542481878101477e-07
4.69,0.7505869905515209,77.50001218448925,0,100,3.0,3,2.412770148602798e-07
4.695,0.4028369574773956,77.50002820524271,0,100,3.0,3,5.585196577000472e-07
4.7,0.04553881263121314,77.5000732029506,0,100,3.0,3,1.449563378268031e-06
4.705,-0.189138810908105,77.50020724976795,0,100,3.0,3,4.103955801059386e-06
4.71,-0.22868072635956738,77.50061023923335,0,100,3.0,3,1.2083945214913407e-05
4.715,-0.14104670682394166,77.50179256556841,0,100,3.0,3,3.549634788926975e-05
4.72,-0.051158381651102834,77.50511484099445,0,100,3.0,3,0.00010128398008815241
4.725,-0.008206426846427752,77.51396870109211,0,100,3.0,3,0.0002766079424180355
4.73,0.005350271385530505,77.53623262703964,0,100,3.0,3,0.0007174777631611492
4.735,0.01084668799215426,77.58890805682125,0,100,3.0,3,0.0017605555806188805
4.74,0.016256859896386415,77.70596109420195,0,100,3.0,3,0.004078437508949568
4.745,0.02345021205790711,77.94994327901777,0,100,3.0,3,0.00890976790134205
4.75,0.0330621597308209,78.42640554665691,0,100,3.0,3,0.01834466429023582
4.755,0.04559141319943196,79.29709768806333,0,100,3.0,3,0.03558609283293726
4.76,0.06149084917446989,80.7838816626191,0,100,3.0,3,0.06502735965582365
4.765,0.08111733445924295,83.15198799100372,0,100,3.0,3,0.11192055427730142
4.77,0.1046628598272375,86.66190241168549,0,100,3.0,3,0.18142381013238593
4.775,0.1320831047748631,91.48704843050832,0,100,3.0,3,0.27697125604966977
4.78,0.16303381314489318,97.61020096290896,0,100,3.0,3,0.39822180124572204
4.785,0.19682662652900276,104.73063061163819,0,100,3.0,3,0.5392204081512513
4.79,0.23241585813229,112.22628758299108,0,100,3.0,3,0.6876492590691302
4.795,0.26842527782774417,119.209627596154,0,100,3.0,3,0.8259332197258217
4.8,0.30321927900592993,124.68715477375247,0,100,3.0,3,0.9343991044307419
4.805,0.3350163137995362,127.78941352703112,0,100,3.0,3,0.9958299708322993
4.81,0.3620352400956416,128.0,0,100,3.0,3,1.0
4.815,0.3826586036805073,125.30121575152813,0,100,3.0,3,0.9465587277530323
4.82,0.39559233134833227,120.18034119851458,0,100,3.0,4,0.8451552712577145
4.825,0.4,113.49403445375758,0,100,3.0,4,0.7127531575001501
4.83,0.39559233134833227,106.24312073628462,0,100,3.0,4,0.5691707076492005
4.835,0.3826586036805073,99.33935599846077,0,100,3.0,4,0.43246249501902523
4.84,0.3620352400956416,93.43780759195062,0,100,3.0,4,0.31560015033565575
4.845,0.3350163137995362,88.87185418608688,0,100,3.0,4,0.22518523140766095
4.85,0.3032192790059296,85.68402210388078,0,100,3.0,4,0.16205984364120354
4.855,0.26842527782774417,83.71560620831526,0,100,3.0,4,0.12308131105574782
4.86,0.23241585813229,82.71044536105052,0,100,3.0,4,0.10317713586238648
4.865,0.19682662652900276,82.39942555145443,0,100,3.0,4,0.09701832775157283
4.87,0.16303381314489318,82.5512309649664,0,100,3.0,4,0.10002437554388897
4.875,0.13208310477486307,82.99117359548086,0,100,3.0,4,0.10873611080160117
4.88,0.10466285982723562,83.59850375339822,0,100,3.0,4,0.12076245056234097
4.885,0.08111733445917907,84.29375139421232,0,100,3.0,4,0.13452973057846182
4.89,0.06149084917398798,85.02453323162025,0,100,3.0,4,0.1490006580518862
4.895,0.04559141333598128,85.75415419045677,0,100,3.0,4,0.1634485978308272
4.9,0.03306217087257399,86.45417274106126,0,100,3.0,4,0.17731035130814368
4.905,0.02345067901074276,87.10040645984597,0,100,3.0,4,0.19010705861081129
4.91,0.016268788896435526,87.6713129835381,0,100,3.0,4,0.20141213828788318
4.915,0.011039026374860051,88.14775760329132,0,100,3.0,4,0.2108466852136896
4.92,0.007326255555493689,88.5134568519284,0,100,3.0,4,0.21808825449363162
4.925,0.0047556414315231815,88.75565275625378,0,100,3.0,4,0.22288421299512437
4.93,0.0030193390635632803,88.86575895419283,0,100,3.0,4,0.22506453374639263
4.935,0.001874953127946523,88.83983405370527,0,100,3.0,4,0.22455116938030248
4.94,0.0011387927410965778,88.67880558598064,0,100,3.0,4,0.2213624868511018
4.945,0.0006765107634274089,88.38841185208784,0,100,3.0,4,0.21561211588292756
4.95,0.00039307957404427924,87.97886161222259,0,100,3.0,4,0.20750221014302153
4.955,0.00022338910511776318,87.46423814315004,0,100,3.0,4,0.19731164639901072
4.96,0.00012417073320013317,86.8616956972722,0,100,3.0,4,0.1853801128172712
4.965,6.750753468904987e-05,86.19051212899733,0,100,3.0,4,0.17208934908905596
4.97,3.5897234866245036e-05,85.47107045676482,0,100,3.0,4,0.15784297934187763
4.975,1.8670050400879738e-05,84.72384391841842,0,100,3.0,4,0.14304641422610742
4.98,9.497421874143672e-06,83.96845390812022,0,100,3.0,4,0.1280881962004005
4.985,4.725434140340885e-06,83.22285905389919,0,100,3.0,4,0.11332394166137001
4.99,2.299606063738814e-06,82.50271820124429,0,100,3.0,4,0.09906372675731272
4.995,1.0945633976635486e-06,81.82095216403631,0,100,3.0,4,0.0855634091888379
5.0,5.095703414287532e-07,81.18751083200898,0,100,3.0,4,0.07302001647542539
5.005,2.3202944964797243e-07,80.60933545563019,0,100,3.0,4,0.06157099912138985
5.01,1.0333746954038608e-07,80.09049215613837,0,100,3.0,4,0.05129687437897757
5.015,4.501406988770349e-08,79.6324429058189,0,100,3.0,4,0.04222659219443377
5.02,0.0,79.23441480011142,0,100,3.0,4,0.03434484752695888
5.025,0.0,78.89382727108968,0,100,3.0,4,0.02760054002157776
5.03,0.0,78.60673940294778,0,100,3.0,4,0.02191563174154022
5.035,0.0,78.36828483344408,0,100,3.0,4,0.017193759078100578
5.04,0.0,78.17306884141654,0,100,3.0,4,0.013328095869634399
5.045,0.0,78.01551010783703,0,100,3.0,4,0.010208120947267935
5.05,0.0,77.89011739198064,0,100,3.0,4,0.0077250968709037275
5.055,0.0,77.79169827936764,0,100,3.0,4,0.005776203551834392
5.06,0.0,77.71550276692628,0,100,3.0,4,0.004267381523292632
5.065,0.0,77.65730852609023,0,100,3.0,4,0.0031150203186184784
5.07,0.0,77.6134572104197,0,100,3.0,4,0.002246677434053391
5.075,0.0,77.58085229814589,0,100,3.0,4,0.0016010356068492083
5.08,0.0,77.55692893566152,0,100,3.0,4,0.0011273056566637079
5.085,0.0,77.53960538031276,0,100,3.0,4,0.0007842649566884016
5.09,0.0,77.5272242384317,0,100,3.0,4,0.0005390938303306858
5.095,0.0,77.51849003441343,0,100,3.0,4,0.00036613929531548515
5.1,0.0,77.51240795264492,0,100,3.0,4,0.0002457020325726888
5.105,0.0,77.50822702776999,0,100,3.0,4,0.00016291144098991116
5.11,0.0,77.50538972029054,0,100,3.0,4,0.00010672713446608961
5.115,0.0,77.5034887505611,0,100,3.0,4,6.908416952680932e-05
5.12,0.0,77.50223127982962,0,100,3.0,4,4.4183759002288585e-05
5.125,0.0,77.5014099982958,0,100,3.0,4,2.792075833264726e-05
5.13,0.0,77.50088036661307,0,100,3.0,4,1.7433002239100138e-05
5.135,0.0,77.50054311146208,0,100,3.0,4,1.0754682417407568e-05
5.14,0.0,77.50033105092136,0,100,3.0,4,6.55546378931768e-06
5.145,0.0,77.5001993797566,0,100,3.0,4,3.948113991969372e-06
5.15,0.0,77.50011864453815,0,100,3.0,4,2.349396795006043e-06
5.155,0.0,77.50006975813591,0,100,3.0,4,1.3813492258951456e-06
5.16,0.0,77.50004052494289,0,100,3.0,4,8.02474116622167e-07
5.165,0.0,77.50002326110729,0,100,3.0,4,4.606159858901652e-07
5.17,0.0,77.50001319224734,0,100,3.0,4,2.6123262053864317e-07
5.175,0.0,77.5000073924367,0,100,3.0,4,1.4638488515080136e-07
5.18,0.0,77.50000409295407,0,100,3.0,4,8.104859547853662e-08
5.185,0.0,77.50000223906426,0,100,3.0,4,4.4337906107859163e-08
5.19,0.001684486749771458,77.5000012102544,0,100,3.0,4,2.3965433589218815e-08
5.195,0.00456624331333666,77.50000064634919,0,100,3.0,4,1.2798993917511884e-08
5.2,0.011079731271581421,77.5000003410658,0,100,3.0,4,6.753778209956478e-09
5.205,0.024064571490409,77.50000017782368,0,100,3.0,4,3.521260976971336e-09
5.21,0.046784906529573234,77.50000009160547,0,100,3.0,4,1.813969735696158e-09
5.215,0.08141644351188804,77.5000000466266,0,100,3.0,4,9.232989290611309e-10
5.22,0.12682276464025305,77.5000000234491,0,100,3.0,4,4.643386929085026e-10
5.225,0.1768320708657512,77.50000001165198,0,100,3.0,4,2.3073222100810208e-10
5.23,0.22070063230473494,77.50000000572075,0,100,3.0,4,1.1328218011606236e-10
5.235,0.24656126505113576,77.50000000277515,0,100,3.0,4,5.4953515885217984e-11
5.24,0.24656126505724016,77.50000000133015,0,100,3.0,4,2.6339608162329164e-11
5.245,0.220700632329898,77.50000000062994,0,100,3.0,4,1.2474035006247018e-11
5.25,0.17683207093748562,77.50000000029476,0,100,3.0,4,5.836862346588514e-12
5.255,0.12682276483597799,77.50000000013628,0,100,3.0,4,2.698655380570044e-12
5.26,0.08141644409447898,77.50000000006226,0,100,3.0,4,1.2328268219267323e-12
5.265,0.04678490952598309,77.5000000000281,0,100,3.0,4,5.563338568703834e-13
5.27,0.024064605020532023,77.50000000001253,0,100,3.0,4,2.481975021546172e-13
5.275,0.011080171739334697,77.50000000000551,0,100,3.0,4,1.0918438870293816e-13
5.28,0.004571212771509492,77.5000000000024,0,100,3.0,4,4.755711775978492e-14
5.285,0.0017299316936037438,77.50000000000104,0,100,3.0,4,2.0542423647717747e-14
5.29,0.0008899431850697582,77.50000000000044,0,100,3.0,4,8.723494973688359e-15
5.295,0.002128806368910263,77.50000000000018,0,100,3.0,4,3.6582398276757634e-15
5.3,0.009309664818487698,77.50000000000007,0,100,3.0,4,1.4070153183368321e-15
5.305,0.03503263543368747,77.50000000000003,0,100,3.0,4,5.628061273347328e-16
5.31,0.10606267793605692,77.50000000000001,0,100,3.0,4,2.814030636673664e-16
5.315,0.25734927343160535,77.5,0,100,3.0,4,0.0
5.32,0.5003202479539708,77.5,0,100,3.0,4,0.0
5.325,0.7793067891790435,77.5,0,100,3.0,4,0.0
5.33,0.9720477407234077,77.50000295863794,1,100,3.0,4,5.858688981257584e-08
5.335,0.967267334488097,77.50000705382551,0,100,3.0,4,1.39679713129226e-07
5.34,0.7505869905515209,77.50001902543339,0,100,3.0,4,3.7674125522217126e-07
5.345,0.4028369574773956,77.5000615587088,0,100,3.0,4,1.2189843325453658e-06
5.35,0.04553881263121314,77.50023160766888,0,100,3.0,4,4.586290472870772e-06
5.355,-0.189138810908105,77.50092200089497,0,100,3.0,4,1.8257443464830936e-05
5.36,-0.22868072635956738,77.50358973522475,0,100,3.0,4,7.108386583663875e-05
5.365,-0.14104670682394166,77.5131059647251,0,100,3.0,4,0.00025952405396236205
5.37,-0.051158381651102834,77.54402912719091,0,100,3.0,4,0.0008718639047705019
5.375,-0.008206426846427752,77.63500465781877,0,100,3.0,4,0.0026733595607676968
5.38,0.005350271385530505,77.87649695456608,0,100,3.0,4,0.007455385238932258
5.385,0.01084668799215426,78.45342791113406,0,100,3.0,4,0.018879760616515973
5.39,0.016256859896386415,79.69080695348266,0,100,3.0,4,0.043382315910547795
5.395,0.02345021205790711,82.06617501621035,0,100,3.0,4,0.09041930725169013
5.4,0.0330621597308209,86.13087845737554,0,100,3.0,4,0.17090848430446623
5.405,0.04559141319943196,92.2936164643154,0,100,3.0,4,0.29294290028347336
5.41,0.06149084917446989,100.4931270168305,0,100,3.0,4,0.4553094458778317
5.415,0.08111733445924295,109.90654193845512,0,100,3.0,4,0.6417137017515866
5.42,0.1046628598272375,118.91969962154933,0,100,3.0,4,0.8201920717138481
5.425,0.1320831047748631,125.51577497707142,0,100,3.0,4,0.9508074252885429
5.43,0.16303381314489318,128.0,0,100,3.0,4,1.0
5.435,0.19682662652900276,125.71579008588697,0,100,3.0,4,0.9547681205126132
5.44,0.23241585813229,119.34324879327852,0,100,3.0,4,0.8285791840253172
5.445,0.26842527782774417,110.5979971739174,0,100,3.0,4,0.6554058846320279
5.45,0.30321927900592993,101.51363369323616,0,100,3.0,4,0.47551749887596356
5.455,0.3350163137995362,93.71710930994122,0,100,3.0,4,0.32113087742457863
5.46,0.3620352400956416,88.0408711759401,0,100,3.0,4,0.2087301222958435
5.465,0.3826586036805073,84.55286850593457,0,100,3.0,4,0.13966076249375384
5.47,0.39559233134833227,82.84748489696597,0,100,3.0,4,0.10589079003893002
5.475,0.4,82.37133282226496,0,100,3.0,4,0.09646203608445467
5.48,0.39559233134833227,82.63805034016156,0,100,3.0,4,0.10174357109230803
5.485,0.3826586036805073,83.30587334297871,0,100,3.0,4,0.11496778896987553
5.49,0.3620352400956416,84.16490713408541,0,100,3.0,4,0.13197835909080022
5.495,0.3350163137995362,85.0921950880515,0,100,3.0,4,0.15034049679309894
5.5,0.3032192790059296,86.01072621984261,0,100,3.0,4,0.16852923207609127
5.505,0.26842527782774417,86.86417440841791,0,100,3.0,4,0.18542919620629525
5.51,0.23241585813229,87.60559262371146,0,100,3.0,4,0.2001107450239893
5.515,0.19682662652900276,88.19456648085263,0,100,3.0,4,0.2117735936802501
5.52,0.16303381314489318,88.59825923824728,0,100,3.0,4,0.21976750966826297
5.525,0.13208310477486307,88.79360978800707,0,100,3.0,4,0.2236358373862787
5.53,0.10466285982723562,88.76927877568113,0,100,3.0,4,0.22315403516200258
5.535,0.08111733445917907,88.52667951771419,0,100,3.0,4,0.21835008945968684
5.54,0.06149084917398798,88.0798288762355,0,100,3.0,4,0.2095015619056534
5.545,0.04559141333598128,87.45400355470595,0,100,3.0,4,0.1971089812813059
5.55,0.03306217087257399,86.68337241155771,0,100,3.0,4,0.18184895864470718
5.555,0.02345067901074276,85.80791143717427,0,100,3.0,4,0.16451309776582712
5.56,0.016268788896435526,84.86998793217056,0,100,3.0,4,0.14594035509248632
5.565,0.011039026374860051,83.9110173452604,0,100,3.0,4,0.12695083852000802
5.57,0.007326255555493689,82.96855247346932,0,100,3.0,4,0.1082881677914716
5.575,0.0047556414315231815,82.07407279822225,0,100,3.0,4,0.09057569897469796
5.58,0.0030193390635632803,81.25162151282318,0,100,3.0,4,0.07428953490738965
5.585,0.001874953127946523,80.51731199682195,0,100,3.0,4,0.059748752412315746
5.59,0.0011387927410965778,79.87961489221692,0,100,3.0,4,0.047121086974592497
5.595,0.0006765107634274089,79.34025664052957,0,100,3.0,4,0.036440725555041076
5.6,0.00039307957404427924,78.89551775269611,0,100,3.0,4,0.027634014904873425
5.605,0.00022338910511776318,78.53771380517617,0,100,3.0,4,0.02054878822131025
5.61,0.00012417073320013317,78.25666749841467,0,100,3.0,4,0.014983514820092506
5.615,6.750753468904987e-05,78.04102560834315,0,100,3.0,4,0.010713378383032629
5.62,3.5897234866245036e-05,77.87932880329069,0,100,3.0,4,0.007511461451300793
5.625,1.8670050400879738e-05,77.76079488933377,0,100,3.0,4,0.005164255234332007
5.63,9.497421874143672e-06,77.67581972189748,0,100,3.0,4,0.003481578651435304
5.635,4.725434140340885e-06,77.61623083499478,0,100,3.0,4,0.0023016006929659546
5.64,2.299606063738814e-06,77.5753460316081,0,100,3.0,4,0.00149200062590309
5.645,1.0945633976635486e-06,77.54789439215395,0,100,3.0,4,0.0009484038050287057
5.65,5.095703414287532e-07,77.5298534278326,0,100,3.0,4,0.0005911569867842756
5.655,2.3202944964797243e-07,77.51824689616652,0,100,3.0,4,0.0003613246765646839
5.66,1.0333746954038608e-07,77.5109362657051,0,100,3.0,4,0.00021655971693263328
5.665,4.501406988770349e-08,77.50642738570303,0,100,3.0,4,0.00012727496441652199
5.67,0.0,77.50370411898086,0,100,3.0,4,7.334889071016462e-05
5.675,0.0,77.502093248318,0,100,3.0,4,4.1450461742667835e-05
5.68,0.0,77.5011599568401,0,100,3.0,4,2.2969442378181687e-05
5.685,0.0,77.50063030124682,0,100,3.0,4,1.248121280822137e-05
5.69,0.0,77.50033584567429,0,100,3.0,4,6.650409391800122e-06
5.695,0.0,77.50017547554839,0,100,3.0,4,3.474763334429779e-06
5.7,0.001684486749771458,77.50008990393783,0,100,3.0,4,1.7802759967113648e-06
5.705,0.00456624331333666,77.50004516750249,0,100,3.0,4,8.944059899395953e-07
5.71,0.011079731271581421,77.50002225146947,0,100,3.0,4,4.406231579029583e-07
5.715,0.024064571490409,77.50001074921063,0,100,3.0,4,2.1285565605809313e-07
5.72,0.046784906529573234,77.50000509189812,0,100,3.0,4,1.0082966569051236e-07
5.725,0.08141644351188804,77.50000236520123,0,100,3.0,4,4.6835667841277074e-08
5.73,0.12682276464025305,77.5000010773126,0,100,3.0,4,2.1332922842972974e-08
5.735,0.1768320708657512,77.50000048117234,0,100,3.0,4,9.528165064423747e-09
5.74,0.22070063230473494,77.50000021073895,0,100,3.0,4,4.173048441456071e-09
5.745,0.24656126505113576,77.50000009050534,0,100,3.0,4,1.792184917522349e-09
5.75,0.24656126505724016,77.50000003811438,0,100,3.0,4,7.547401823427605e-10
5.755,0.220700632329898,77.50000001573942,0,100,3.0,4,3.116716214046193e-10
5.76,0.17683207093748562,77.50000000637344,0,100,3.0,4,1.2620674142724082e-10
5.765,0.12682276483597799,77.50000000253073,0,100,3.0,4,5.011338319013928e-11
5.77,0.08141644409447898,77.50000000098537,0,100,3.0,4,1.951220703163152e-11
5.775,0.04678490952598309,77.50000000037622,0,100,3.0,4,7.449864707529858e-12
5.78,0.024064605020532023,77.50000000014086,0,100,3.0,4,2.7892671670709357e-12
5.785,0.011080171739334697,77.50000000005171,0,100,3.0,4,1.0240257486855464e-12
5.79,0.004571212771509492,77.50000000001862,0,100,3.0,4,3.6863801340425e-13
5.795,0.0017299316936037438,77.50000000000657,0,100,3.0,4,1.3000821541432327e-13
5.8,0.0008899431850697582,77.50000000000227,0,100,3.0,4,4.502449018677863e-14
5.805,0.002128806368910263,77.50000000000077,0,100,3.0,4,1.5195765438037787e-14
5.81,0.009309664818487698,77.50000000000026,0,100,3.0,4,5.065255146012595e-15
5.815,0.03503263543368747,77.50000000000009,0,100,3.0,4,1.6884183820041984e-15
5.82,0.10606267793605692,77.50000000000003,0,100,3.0,4,5.628061273347328e-16
5.825,0.25734927343160535,77.50000000000001,0,100,3.0,4,2.814030636673664e-16
5.83,0.5003202479539708,77.5,0,100,3.0,4,0.0
5.835,0.7793067891790435,77.5,0,100,3.0,4,0.0
5.84,0.9720477407234077,77.5000029632167,1,100,3.0,4,5.867755844249559e-08
5.845,0.967267334488097,77.5000059376048,0,100,3.0,4,1.1757633261719219e-07
5.85,0.7505869905515209,77.50001276355475,0,100,3.0,4,2.5274365841574077e-07
5.855,0.4028369574773956,77.50003064109448,0,100,3.0,4,6.067543461986224e-07
5.86,0.04553881263121314,77.50008298165619,0,100,3.0,4,1.6432011127090117e-06
5.865,-0.189138810908105,77.50024503836143,0,100,3.0,4,4.852244780740965e-06
5.87,-0.22868072635956738,77.50074848054169,0,100,3.0,4,1.4821396865108279e-05
5.875,-0.14104670682394166,77.50226551612232,0,100,3.0,4,4.4861705392500734e-05
5.88,-0.051158381651102834,77.50661940466038,0,100,3.0,4,0.00013107732000760438
5.885,-0.008206426846427752,77.51841054376423,0,100,3.0,4,0.00036456522305411903
5.89,0.005350271385530505,77.54839812828513,0,100,3.0,4,0.0009583787779233446
5.895,0.01084668799215426,77.61982582118479,0,100,3.0,4,0.0023727885383126738
5.9,0.016256859896386415,77.77889256217193,0,100,3.0,4,0.0055226249935036225
5.905,0.02345021205790711,78.10963732186457,0,100,3.0,4,0.012072026175536002
5.91,0.0330621597308209,78.75092151744123,0,100,3.0,4,0.02477072311764807
5.915,0.04559141319943196,79.9087326709927,0,100,3.0,4,0.0476976766533209
5.92,0.06149084917446989,81.85188343427765,0,100,3.0,4,0.0861759095896565
5.925,0.08111733445924295,84.87660047953338,0,100,3.0,4,0.14607129662442336
5.93,0.1046628598272375,89.23015235542505,0,100,3.0,4,0.23228024466188213
5.935,0.1320831047748631,94.99882501874558,0,100,3.0,4,0.3465113865098134
5.94,0.16303381314489318,101.98894029735766,0,100,3.0,4,0.4849295108387655
5.945,0.19682662652900276,109.65089174060849,0,100,3.0,4,0.6366513215962076
5.95,0.23241585813229,117.09986446314402,0,100,3.0,4,0.7841557319434459
5.955,0.26842527782774417,123.26166314833992,0,100,3.0,4,0.9061715474918796
5.96,0.30321927900592993,127.12152069509544,0,100,3.0,4,0.9826043701999098
5.965,0.3350163137995362,128.0,0,100,3.0,4,1.0
5.97,0.3620352400956416,125.753838019447,0,100,3.0,4,0.9555215449395446
5.975,0.3826586036805073,120.82076135998885,0,100,3.0,4,0.8578368586136406
5.98,0.39559233134833227,114.08960455830919,0,100,3.0,4,0.7245466249170137
5.985,0.4,106.64913868340399,0,100,3.0,4,0.5772106669980989
5.99,0.39559233134833227,99.5133886516984,0,100,3.0,4,0.43590868617224565
5.995,0.3826586036805073,93.41762112302557,0,100,3.0,4,0.31520041827773404
6.0,0.3620352400956416,88.73552998548763,0,100,3.0,4,0.22248574228688378
6.005,0.3350163137995362,85.51231074372309,0,100,3.0,4,0.15865961868758596
6.01,0.3032192790059296,83.56875812223683,0,100,3.0,4,0.12017342816310553
6.015,0.26842527782774417,82.62145439320233,0,100,3.0,4,0.10141493847925401
6.02,0.23241585813229,82.37856251014239,0,100,3.0,4,0.09660519822064134
6.025,0.19682662652900276,82.59484163283764,0,100,3.0,5,0.10088795312549786
6.03,0.16303381314489318,83.08955460734782,0,100,3.0,5,0.11068424965045191
6.035,0.13208310477486307,83.74068070754905,0,100,3.0,5,0.12357783579305041
6.04,0.10466285982723562,84.46928792877765,0,100,3.0,5,0.1380057015599534
6.045,0.08111733445917907,85.22350477295976,0,100,3.0,5,0.15294068857346052
6.05,0.06149084917398798,85.96643451289296,0,100,3.0,5,0.16765216857213783
6.055,0.04559141333598128,86.66877212581805,0,100,3.0,5,0.181559844075605
6.06,0.03306217087257399,87.30517905319509,0,100,3.0,5,0.19416196144940773
6.065,0.02345067901074276,87.85308057266846,0,100,3.0,5,0.20501149648848438
6.07,0.016268788896435526,88.29277433001748,0,100,3.0,5,0.21371830356470256
6.075,0.011039026374860051,88.60810467392501,0,100,3.0,5,0.2199624687905943
6.08,0.007326255555493689,88.78725860971063,0,100,3.0,5,0.22351007147941848
6.085,0.0047556414315231815,88.82343447722398,0,100,3.0,5,0.22422642529156403
6.09,0.0030193390635632803,88.71524935893723,0,100,3.0,5,0.22208414572152926
6.095,0.001874953127946523,88.46682050888896,0,100,3.0,5,0.21716476255225658
6.1,0.0011387927410965778,88.08750355955483,0,100,3.0,5,0.20965353583276897
6.105,0.0006765107634274089,87.59130736152696,0,100,3.0,5,0.19982786854508827
6.11,0.00039307957404427924,86.99603550232074,0,100,3.0,5,0.18804030697664825
6.115,0.00022338910511776318,86.32222756000658,0,100,3.0,5,0.17469757544567488
6.12,0.00012417073320013317,85.5919876730514,0,100,3.0,5,0.16023737966438428
6.125,6.750753468904987e-05,84.82779312309145,0,100,3.0,5,0.14510481431864264
6.13,3.5897234866245036e-05,84.05137136185039,0,100,3.0,5,0.12973012597723535
6.135,1.8670050400879738e-05,83.28272136314028,0,100,3.0,5,0.11450933392356996
6.14,9.497421874143672e-06,82.53933634560707,0,100,3.0,5,0.09978883852687265
6.145,4.725434140340885e-06,81.83566237670279,0,100,3.0,5,0.08585470052876804
6.15,2.299606063738814e-06,81.182803916743,0,100,3.0,5,0.07292681023253461
6.155,1.0945633976635486e-06,80.5884655936849,0,100,3.0,5,0.06115773452841389
6.16,5.095703414287532e-07,80.05710151400747,0,100,3.0,5,0.050635673544702386
6.165,2.3202944964797243e-07,79.59023060237372,0,100,3.0,5,0.04139070499749946
6.17,1.0333746954038608e-07,79.18686941841649,0,100,3.0,5,0.03340335482012856
6.175,4.501406988770349e-08,78.8440324631707,0,100,3.0,5,0.026614504221202092
6.18,0.0,78.55725338170798,0,100,3.0,5,0.020935710528870895
6.185,0.0,78.32108749492411,0,100,3.0,5,0.016259158315329
6.19,0.0,78.12956535899671,0,100,3.0,5,0.012466640772212169
6.195,0.0,77.97657717630197,0,100,3.0,5,0.009437171807959858
6.2,0.0,77.8561776684136,0,100,3.0,5,0.007053023136902843
6.205,0.0,77.76280956302601,0,100,3.0,5,0.005204149762891298
6.21,0.0,77.691450573779,0,100,3.0,5,0.0037911004708711636
6.215,0.0,77.63769342762592,0,100,3.0,5,0.0027266025272459243
6.22,0.0,77.59777116282646,0,100,3.0,5,0.00193606263022696
6.225,0.0,77.56854083334795,0,100,3.0,5,0.0013572442247119388
6.23,0.0,77.54743828840738,0,100,3.0,5,0.0009393720476708441
6.235,0.0,77.53241527216751,0,100,3.0,5,0.0006418865775744939
6.24,0.0,77.52186811576739,0,100,3.0,5,0.0004330319953938593
6.245,0.0,77.5145651206646,0,100,3.0,5,0.0002884182309821656
6.25,0.0,77.50957762524908,0,100,3.0,5,0.00018965594552632369
6.255,0.0,77.50621788411807,0,100,3.0,5,0.00012312641817965243
6.26,0.0,77.50398536808234,0,100,3.0,5,7.891817984831379e-05
6.265,0.0,77.50252194309775,0,100,3.0,5,4.993946728212328e-05
6.27,0.0,77.50157558979458,0,100,3.0,5,3.1199797912548924e-05
6.275,0.0,77.50097183394746,0,100,3.0,5,1.9244236583371374e-05
6.28,0.0,77.50059180959549,0,100,3.0,5,1.1719001890912862e-05
6.285,0.0,77.50035580575643,0,100,3.0,5,7.045658543122477e-06
6.29,0.0,77.50021119564977,0,100,3.0,5,4.182092074625142e-06
6.295,0.0,77.50012376504303,0,100,3.0,5,2.4507929312545853e-06
6.3,0.0,77.5000716064357,0,100,3.0,5,1.4179492217124898e-06
6.305,0.0,77.5000409022451,0,100,3.0,5,8.099454475996026e-07
6.31,0.0,77.50002306658317,0,100,3.0,5,4.5676402312820564e-07
6.315,0.0,77.50001284282068,0,100,3.0,5,2.5431328080599943e-07
6.32,0.0,77.50000705957572,0,100,3.0,5,1.3979357865789305e-07
6.325,0.0,77.50000383122638,0,100,3.0,5,7.586586890499915e-08
6.33,0.001684486749771458,77.50000205275943,0,100,3.0,5,4.064870153126664e-08
6.335,0.00456624331333666,77.50000108587373,0,100,3.0,5,2.1502450179036488e-08
6.34,0.011079731271581421,77.50000056710259,0,100,3.0,5,1.1229754235419834e-08
6.345,0.024064571490409,77.50000029240512,0,100,3.0,5,5.790200371974255e-09
6.35,0.046784906529573234,77.50000014885018,0,100,3.0,5,2.947528250077463e-09
6.355,0.08141644351188804,77.50000007480915,0,100,3.0,5,1.4813693242374057e-09
6.36,0.12682276464025305,77.50000003711942,0,100,3.0,5,7.350380282431535e-10
6.365,0.1768320708657512,77.50000001818397,0,100,3.0,5,3.600785764166797e-10
6.37,0.22070063230473494,77.50000000879461,0,100,3.0,5,1.7415078839956838e-10
6.375,0.24656126505113576,77.50000000419939,0,100,3.0,5,8.315629373208878e-11
6.38,0.24656126505724016,77.50000000197969,0,100,3.0,5,3.920169799337348e-11
6.385,0.220700632329898,77.5000000009214,0,100,3.0,5,1.8245611842064705e-11
6.39,0.17683207093748562,77.50000000042338,0,100,3.0,5,8.383841475841848e-12
6.395,0.12682276483597799,77.50000000019207,0,100,3.0,5,3.803443808528125e-12
6.4,0.08141644409447898,77.50000000008603,0,100,3.0,5,1.7036141474422362e-12
6.405,0.04678490952598309,77.50000000003804,0,100,3.0,5,7.533160014375399e-13
6.41,0.024064605020532023,77.50000000001661,0,100,3.0,5,3.2896018142715135e-13
6.415,0.011080171739334697,77.50000000000716,0,100,3.0,5,1.4182714408835267e-13
6.42,0.004571212771509492,77.50000000000304,0,100,3.0,5,6.022025562481641e-14
6.425,0.0017299316936037438,77.50000000000128,0,100,3.0,5,2.5326275730062977e-14
6.43,0.0008899431850697582,77.50000000000053,0,100,3.0,5,1.0411913355692557e-14
6.435,0.002128806368910263,77.50000000000021,0,100,3.0,5,4.221045955010496e-15
6.44,0.009309664818487698,77.50000000000009,0,100,3.0,5,1.6884183820041984e-15
6.445,0.03503263543368747,77.50000000000003,0,100,3.0,5,5.628061273347328e-16
6.45,0.10606267793605692,77.50000000000001,0,100,3.0,5,2.814030636673664e-16
6.455,0.25734927343160535,77.5,0,100,3.0,5,0.0
6.46,0.5003202479539708,77.5,0,100,3.0,5,0.0
6.465,0.7793067891790435,77.5,0,100,3.0,5,0.0
6.47,0.9720477407234077,77.50000295858096,1,100,3.0,5,5.85857616676936e-08
6.475,0.967267334488097,77.50000649780915,0,100,3.0,5,1.2866948817744662e-07
6.48,0.7505869905515209,77.50001571079831,0,100,3.0,5,3.111049170006436e-07
6.485,0.4028369574773956,77.50004401685699,0,100,3.0,5,8.716209304854448e-07
6.49,0.04553881263121314,77.50014199796655,0,100,3.0,5,2.8118409218087877e-06
6.495,-0.189138810908105,77.50049432191162,0,100,3.0,5,9.7885527052898e-06
6.5,-0.22868072635956738,77.50173211644027,0,100,3.0,5,3.42993354508107e-05
6.505,-0.14104670682394166,77.50584288582245,0,100,3.0,5,0.00011570070935536563
6.51,-0.051158381651102834,77.51854730297484,0,100,3.0,5,0.00036727332623441534
6.515,-0.008206426846427752,77.55481496280055,0,100,3.0,5,0.001085444807931663
6.52,0.005350271385530505,77.65008419708057,0,100,3.0,5,0.0029719642986252228
6.525,0.01084668799215426,77.87981851286148,0,100,3.0,5,0.00752115867052428
6.53,0.016256859896386415,78.38742298606793,0,100,3.0,5,0.017572732397384796
6.535,0.02345021205790711,79.41315942805718,0,100,3.0,5,0.03788434511004326
6.54,0.0330621597308209,81.30460163111171,0,100,3.0,5,0.0753386461606279
6.545,0.04559141319943196,84.47809489490693,0,100,3.0,5,0.1381800969288501
6.55,0.06149084917446989,89.30317826768169,0,100,3.0,5,0.23372630233033045
6.555,0.08111733445924295,95.91109716494718,0,100,3.0,5,0.36457618148410254
6.56,0.1046628598272375,103.98360250134391,0,100,3.0,5,0.5244277723038397
6.565,0.1320831047748631,112.63196549089727,0,100,3.0,5,0.6956824849682628
6.57,0.16303381314489318,120.48176915990015,0,100,3.0,5,0.851124141780201
6.575,0.19682662652900276,126.00411814452141,0,100,3.0,5,0.960477587020226
6.58,0.23241585813229,128.0,0,100,3.0,5,1.0
6.585,0.26842527782774417,126.03166825490115,0,100,3.0,5,0.9610231337604188
6.59,0.30321927900592993,120.59024835370354,0,100,3.0,5,0.8532722446277929
6.595,0.3350163137995362,112.91318697147013,0,100,3.0,5,0.7012512271578243
6.6,0.3620352400956416,104.54533238728061,0,100,3.0,5,0.5355511363817943
6.605,0.3826586036805073,96.85710937740994,0,100,3.0,5,0.38330909658237505
6.61,0.39559233134833227,90.72270386050883,0,100,3.0,5,0.2618357200100758
6.615,0.4,86.44535081746378,0,100,3.0,5,0.17713565975175793
6.62,0.39559233134833227,83.88417312505604,0,100,3.0,5,0.12641926980308985
6.625,0.3826586036805073,82.66571321886003,0,100,3.0,5,0.10229135086851553
6.63,0.3620352400956416,82.37202450792604,0,100,3.0,5,0.09647573283021865
6.635,0.3350163137995362,82.65192834843367,0,100,3.0,5,0.10201838313730041
6.64,0.3032192790059296,83.25634189984378,0,100,3.0,5,0.11398696831373813
6.645,0.26842527782774417,84.0264242558057,0,100,3.0,5,0.12923612387734046
6.65,0.23241585813229,84.86484526486245,0,100,3.0,5,0.1458385200962862
6.655,0.19682662652900276,85.70909511705845,0,100,3.0,5,0.16255633895165253
6.66,0.16303381314489318,86.51374059129739,0,100,3.0,5,0.17848991269895825
6.665,0.13208310477486307,87.24132622835091,0,100,3.0,5,0.19289754907625573
6.67,0.10466285982723562,87.85911768203138,0,100,3.0,5,0.20513104320854222
6.675,0.08111733445917907,88.33897458047528,0,100,3.0,5,0.2146331600094115
6.68,0.06149084917398798,88.65851542478347,0,100,3.0,5,0.22096070148086086
6.685,0.04559141333598128,88.80252600599808,0,100,3.0,5,0.22381239615837772
6.69,0.03306217087257399,88.76406271594287,0,100,3.0,5,0.22305074685035386
6.695,0.02345067901074276,88.5449807473852,0,100,3.0,5,0.21871249004723162
6.7,0.016268788896435526,88.15577906783629,0,100,3.0,5,0.21100552609576817
6.705,0.011039026374860051,87.61476482243962,0,100,3.0,5,0.20029237272157674
6.71,0.007326255555493689,86.94662571979583,0,100,3.0,5,0.18706189544150165
6.715,0.0047556414315231815,86.18056443389439,0,100,3.0,5,0.17189236502761168
6.72,0.0030193390635632803,85.34819090517139,0,100,3.0,5,0.15540972089448302
6.725,0.001874953127946523,84.48138340308783,0,100,3.0,5,0.13824521590272937
6.73,0.0011387927410965778,83.61031721315373,0,100,3.0,5,0.1209963804584898
6.735,0.0006765107634274089,82.7618245365926,0,100,3.0,5,0.10419454527906136
6.74,0.00039307957404427924,81.9581974975489,0,100,3.0,5,0.08828113856532464
6.745,0.00022338910511776318,81.21648669901883,0,100,3.0,5,0.07359379602017485
6.75,0.00012417073320013317,80.54828942211552,0,100,3.0,5,0.06036216677456468
6.755,6.750753468904987e-05,79.95997193468784,0,100,3.0,5,0.04871231553837313
6.76,3.5897234866245036e-05,79.45323475258576,0,100,3.0,5,0.038677915892787275
6.765,1.8670050400879738e-05,79.02591053115628,0,100,3.0,5,0.030216050121906632
6.77,9.497421874143672e-06,78.67288122682059,0,100,3.0,5,0.023225370828130552
6.775,4.725434140340885e-06,78.38701167635604,0,100,3.0,5,0.01756458765061463
6.78,2.299606063738814e-06,78.16001677799984,0,100,3.0,5,0.013069639168313722
6.785,1.0945633976635486e-06,77.98320447949557,0,100,3.0,5,0.009568405534565727
6.79,5.095703414287532e-07,77.84806252373428,0,100,3.0,5,0.0068923272026591076
6.795,2.3202944964797243e-07,77.74667998599702,0,100,3.0,5,0.0048847521979607815
6.8,1.0333746954038608e-07,77.6720128543322,0,100,3.0,5,0.0034061951352909866
6.805,4.501406988770349e-08,77.61801527615162,0,100,3.0,5,0.002336936161418297
6.81,0.0,77.5796646933126,0,100,3.0,5,0.0015775186794573105
6.815,0.0,77.5529107463042,0,100,3.0,5,0.0010477375505783498
6.82,0.0,77.53457579886194,0,100,3.0,5,0.000684669284394789
6.825,0.0,77.52223058524193,0,100,3.0,5,0.00044020960875105396
6.83,0.0,77.51406306247611,0,100,3.0,5,0.00027847648467547634
6.835,0.0,77.50875304685681,0,100,3.0,5,0.00017332766053089986
6.84,0.0,77.50536029803884,0,100,3.0,5,0.00010614451562054735
6.845,0.0,77.50322975038792,0,100,3.0,5,6.395545322606727e-05
6.85,0.0,77.501914693741,0,100,3.0,5,3.791472754455348e-05
6.855,0.0,77.50111681184963,0,100,3.0,5,2.211508613123163e-05
6.86,0.0,77.50064093065815,0,100,3.0,5,1.2691696200995961e-05
6.865,0.0,77.50036190319393,0,100,3.0,5,7.166399879875231e-06
6.87,0.0,77.50020105927997,0,100,3.0,5,3.981371880663213e-06
6.875,0.0,77.50010990214456,0,100,3.0,5,2.1762800902634618e-06
6.88,0.0,77.5000591069498,0,100,3.0,5,1.1704346496180103e-06
6.885,0.0,77.50003127672464,0,100,3.0,5,6.193410820062559e-07
6.89,0.001684486749771458,77.5000162837461,0,100,3.0,5,3.2245041794421114e-07
6.895,0.00456624331333666,77.50000834137632,0,100,3.0,5,1.651757686139006e-07
6.9,0.011079731271581421,77.50000420408458,0,100,3.0,5,8.324919951636469e-08
6.905,0.024064571490409,77.50000208475734,0,100,3.0,5,4.128232358378245e-08
6.91,0.046784906529573234,77.50000101716151,0,100,3.0,5,2.0141812055413483e-08
6.915,0.08141644351188804,77.50000048828643,0,100,3.0,5,9.669038252126268e-09
6.92,0.12682276464025305,77.50000023062678,0,100,3.0,5,4.5668669638034055e-09
6.925,0.1768320708657512,77.50000010717541,0,100,3.0,5,2.1222853441634805e-09
6.93,0.22070063230473494,77.50000004900393,0,100,3.0,5,9.703748475820447e-10
6.935,0.24656126505113576,77.50000002204536,0,100,3.0,5,4.365416982794402e-10
6.94,0.24656126505724016,77.50000000975783,0,100,3.0,5,1.9322428805494247e-10
6.945,0.220700632329898,77.50000000424953,0,100,3.0,5,8.414908374070725e-11
6.95,0.17683207093748562,77.50000000182087,0,100,3.0,5,3.605673735382699e-11
6.955,0.12682276483597799,77.50000000076766,0,100,3.0,5,1.5201112096247465e-11
6.96,0.08141644409447898,77.50000000031842,0,100,3.0,5,6.305398447594679e-12
6.965,0.04678490952598309,77.50000000012996,0,100,3.0,5,2.573431017238066e-12
6.97,0.024064605020532023,77.50000000005218,0,100,3.0,5,1.0333120497865694e-12
6.975,0.011080171739334697,77.50000000002062,0,100,3.0,5,4.0831584538134865e-13
6.98,0.004571212771509492,77.50000000000801,0,100,3.0,5,1.5871132790839464e-13
6.985,0.0017299316936037438,77.50000000000307,0,100,3.0,5,6.078306175215115e-14
6.99,0.0008899431850697582,77.50000000000115,0,100,3.0,5,2.279364815705668e-14
6.995,0.002128806368910263,77.50000000000043,0,100,3.0,5,8.442091910020992e-15
7.0,0.009309664818487698,77.50000000000016,0,100,3.0,5,3.0954337003410305e-15
7.005,0.03503263543368747,77.50000000000006,0,100,3.0,5,1.1256122546694657e-15
7.01,0.10606267793605692,77.50000000000001,0,100,3.0,5,2.814030636673664e-16
7.015,0.25734927343160535,77.5,0,100,3.0,5,0.0
7.02,0.5003202479539708,77.5,0,100,3.0,5,0.0
7.025,0.7793067891790435,77.5,0,100,3.0,5,0.0
7.03,0.9720477407234077,77.50000297262514,1,100,3.0,5,5.8863864154827213e-08
7.035,0.967267334488097,77.50000602692357,0,100,3.0,5,1.193450212231075e-07
7.04,0.7505869905515209,77.50001314884915,0,100,3.0,5,2.603732504761829e-07
7.045,0.4028369574773956,77.50003218277465,0,100,3.0,5,6.372826662597374e-07
7.05,0.04553881263121314,77.5000891336331,0,100,3.0,5,1.7650224375563202e-06
7.055,-0.189138810908105,77.5002690214767,0,100,3.0,5,5.32715795439925e-06
7.06,-0.22868072635956738,77.50083732265789,0,100,3.0,5,1.6580646690828313e-05
7.065,-0.14104670682394166,77.50257317183726,0,100,3.0,5,5.09538977674351e-05
7.07,-0.051158381651102834,77.5076082097914,0,100,3.0,5,0.00015065761963167613
7.075,-0.008206426846427752,77.52135258747315,0,100,3.0,5,0.0004228235143197217
7.08,0.005350271385530505,77.55649700924465,0,100,3.0,5,0.0011187526583099309
7.085,0.01084668799215426,77.64045440057028,0,100,3.0,5,0.0027812752588173757
7.09,0.016256859896386415,77.82751617390053,0,100,3.0,5,0.006485468790109587
7.095,0.02345021205790711,78.21569569973141,0,100,3.0,5,0.014172192073889358
7.1,0.0330621597308209,78.96491975294279,0,100,3.0,5,0.029008311939461205
7.105,0.04559141319943196,80.30785299502509,0,100,3.0,5,0.05560104940643736
7.11,0.06149084917446989,82.53901529227541,0,100,3.0,5,0.0997824810351566
7.115,0.08111733445924295,85.96626012174221,0,100,3.0,5,0.16764871528202394
7.12,0.1046628598272375,90.81658192531896,0,100,3.0,5,0.2636946915904744
7.125,0.1320831047748631,97.10833980159956,0,100,3.0,5,0.38828395646731795
7.13,0.16303381314489318,104.52938760793602,0,100,3.0,5,0.5352353981769508
7.135,0.19682662652900276,112.38094101245923,0,100,3.0,5,0.6907117032170145
7.14,0.23241585813229,119.64223165483207,0,100,3.0,5,0.834499636729348
7.145,0.26842527782774417,125.1719099748606,0,100,3.0,5,0.9439982173239723
7.15,0.30321927900592993,128.0,0,100,3.0,5,1.0
7.155,0.3350163137995362,127.6101393237791,0,100,3.0,5,0.992279986609487
7.16,0.3620352400956416,124.10010403781507,0,100,3.0,5,0.9227743373824767
7.165,0.3826586036805073,118.15277378027952,0,100,3.0,5,0.8050054213916736
7.17,0.39559233134833227,110.8299379581053,0,100,3.0,5,0.6599987714476298
7.175,0.4,103.27489006078626,0,100,3.0,5,0.510393862589827
7.18,0.39559233134833227,96.43814350154825,0,100,3.0,5,0.3750127426049159
7.185,0.3826586036805073,90.9137835998359,0,100,3.0,5,0.26561947722447316
7.19,0.3620352400956416,86.9136909261355,0,100,3.0,5,0.1864097213096139
7.195,0.3350163137995362,84.34894125219122,0,100,3.0,5,0.13562259905329158
7.2,0.3032192790059296,82.95851223358169,0,100,3.0,5,0.10808935116003339
7.205,0.26842527782774417,82.42961246934831,0,100,3.0,5,0.09761608850194681
7.21,0.23241585813229,82.47825904809713,0,100,3.0,5,0.09857938709103227
7.215,0.19682662652900276,82.88510695734854,0,100,3.0,5,0.10663578133363447
7.22,0.16303381314489318,83.49817142324218,0,100,3.0,5,0.11877567174736997
7.225,0.13208310477486307,84.218703403949,0,100,3.0,5,0.1330436317613662
7.23,0.10466285982723562,84.98313005843968,0,100,3.0,6,0.14818079323642938
7.235,0.08111733445917907,85.74806308660983,0,100,3.0,6,0.163327981913066
7.24,0.06149084917398798,86.48049615879853,0,100,3.0,6,0.17783160710492138
7.245,0.04559141333598128,87.1526196872008,0,100,3.0,6,0.19114098390496628
7.25,0.03306217087257399,87.73979816955085,0,100,3.0,6,0.20276828058516538
7.255,0.02345067901074276,88.22034613356011,0,100,3.0,6,0.2122840818526755
7.26,0.016268788896435526,88.57613991279077,0,100,3.0,6,0.2193295032235795
7.265,0.011039026374860051,88.79347868239333,0,100,3.0,6,0.22363324123551145
7.27,0.007326255555493689,88.86386439984123,0,100,3.0,6,0.2250270178186383
7.275,0.0047556414315231815,88.78452238775425,0,100,3.0,6,0.22345588886642082
7.28,0.0030193390635632803,88.55857365850133,0,100,3.0,6,0.21898165660398675
7.285,0.001874953127946523,88.19482866332193,0,100,3.0,6,0.2117787854123154
7.29,0.0011387927410965778,87.70721657209255,0,100,3.0,6,0.2021231004374762
7.295,0.0006765107634274089,87.11390019357708,0,100,3.0,6,0.1903742612589521
7.3,0.00039307957404427924,86.43615452975533,0,100,3.0,6,0.17695355504465995
7.305,0.00022338910511776318,85.6971052748557,0,100,3.0,6,0.16231891633377626
7.31,0.00012417073320013317,84.92043109401514,0,100,3.0,6,0.14693922958445826
7.315,6.750753468904987e-05,84.12913009206147,0,100,3.0,6,0.13126990281309847
7.32,3.5897234866245036e-05,83.3444376315581,0,100,3.0,6,0.11573143824867513
7.325,1.8670050400879738e-05,82.58496182074326,0,100,3.0,6,0.10069231328204475
7.33,9.497421874143672e-06,81.86607755524824,0,100,3.0,6,0.08645698129204434
7.335,4.725434140340885e-06,81.1995932352933,0,100,3.0,6,0.07325927198600607
7.34,2.299606063738814e-06,80.59367928154045,0,100,3.0,6,0.061260975872088036
7.345,1.0945633976635486e-06,80.05302685084085,0,100,3.0,6,0.05055498714536339
7.35,5.095703414287532e-07,79.5791903812813,0,100,3.0,6,0.041172086758045415
7.355,2.3202944964797243e-07,79.17105949996414,0,100,3.0,6,0.03309028712800286
7.36,1.0333746954038608e-07,78.82540422739977,0,100,3.0,6,0.026245628265342033
7.365,4.501406988770349e-08,78.53744138964515,0,100,3.0,6,0.02054339385435946
7.37,0.0,78.30137828670698,0,100,3.0,6,0.01586887696449461
7.375,0.0,78.11090032048983,0,100,3.0,6,0.012097036049303622
7.38,0.0,77.95958084176635,0,100,3.0,6,0.009100610728046602
7.385,0.0,77.84120254425764,0,100,3.0,6,0.006756486024903777
7.39,0.0,77.74998928072644,0,100,3.0,6,0.004950282786662154
7.395,0.0,77.68075457337353,0,100,3.0,6,0.0035792984826442343
7.4,0.0,77.62897810246339,0,100,3.0,6,0.0025540218309582667
7.405,0.0,77.59082417329567,0,100,3.0,6,0.0017984984811024256
7.41,0.0,77.56311690651798,0,100,3.0,6,0.0012498397330292315
7.415,0.0,77.54328612787634,0,100,3.0,6,0.0008571510470562883
7.42,0.0,77.52929615012752,0,100,3.0,6,0.0005801217847033963
7.425,0.0,77.51956731102686,0,100,3.0,6,0.00038747150548240573
7.43,0.0,77.51289764815891,0,100,3.0,6,0.00025539897344380267
7.435,0.0,77.5083897435128,0,100,3.0,6,0.00016613353490680706
7.44,0.0,77.5053857429786,0,100,3.0,6,0.00010664837581393074
7.445,0.0,77.50341193968492,0,100,3.0,6,6.756316207769271e-05
7.45,0.0,77.50213312275217,0,100,3.0,6,4.224005449841435e-05
7.455,0.0,77.50131610073626,0,100,3.0,6,2.606140071804367e-05
7.46,0.0,77.5008013480742,0,100,3.0,6,1.586827869713002e-05
7.465,0.0,77.50048151746557,0,100,3.0,6,9.53499931828185e-06
7.47,0.0,77.5002855365269,0,100,3.0,6,5.654188651540086e-06
7.475,0.0,77.50016709755003,0,100,3.0,6,3.3088623768948633e-06
7.48,0.0,77.50009650221315,0,100,3.0,6,1.910934913937153e-06
7.485,0.0,77.50005500007046,0,100,3.0,6,1.0891103061517737e-06
7.49,0.0,77.50003093484894,0,100,3.0,6,6.125712660728949e-07
7.495,0.0,77.50001717083974,0,100,3.0,6,3.400166285205565e-07
7.5,0.0,77.5000094057591,0,100,3.0,6,1.862526554723805e-07
7.505,0.0,77.50000508457842,0,100,3.0,6,1.0068472116328471e-07
7.51,0.001684486749771458,77.50000271253174,0,100,3.0,6,5.371349977782068e-08
7.515,0.00456624331333666,77.50000142808314,0,100,3.0,6,2.8278874019138535e-08
7.52,0.011079731271581421,77.50000074197783,0,100,3.0,6,1.4692630267547591e-08
7.525,0.024064571490409,77.50000038044087,0,100,3.0,6,7.533482502286362e-09
7.53,0.046784906529573234,77.50000019250507,0,100,3.0,6,3.811981577479792e-09
7.535,0.08141644351188804,77.50000009612934,0,100,3.0,6,1.9035513055809637e-09
7.54,0.12682276464025305,77.50000004737274,0,100,3.0,6,9.38073996918986e-10
7.545,0.1768320708657512,77.5000000230388,0,100,3.0,6,4.562137422512348e-10
7.55,0.22070063230473494,77.50000001105732,0,100,3.0,6,2.1895690980894113e-10
7.555,0.24656126505113576,77.5000000052372,0,100,3.0,6,1.0370687806865288e-10
7.56,0.24656126505724016,77.50000000244798,0,100,3.0,6,4.8474773150404206e-11
7.565,0.220700632329898,77.50000000112921,0,100,3.0,6,2.2360568842072603e-11
7.57,0.17683207093748562,77.50000000051404,0,100,3.0,6,1.0178911618975978e-11
7.575,0.12682276483597799,77.50000000023093,0,100,3.0,6,4.5727997845947045e-12
7.58,0.08141644409447898,77.50000000010237,0,100,3.0,6,2.0272276706597077e-12
7.585,0.04678490952598309,77.50000000004479,0,100,3.0,6,8.869824566795389e-13
7.59,0.024064605020532023,77.50000000001934,0,100,3.0,6,3.829895696512857e-13
7.595,0.011080171739334697,77.50000000000824,0,100,3.0,6,1.632137769270725e-13
7.6,0.004571212771509492,77.50000000000347,0,100,3.0,6,6.86623475348374e-14
7.605,0.0017299316936037438,77.50000000000144,0,100,3.0,6,2.842170943040401e-14
7.61,0.0008899431850697582,77.50000000000058,0,100,3.0,6,1.1537525610362024e-14
7.615,0.002128806368910263,77.50000000000024,0,100,3.0,6,4.783852082345229e-15
7.62,0.009309664818487698,77.5000000000001,0,100,3.0,6,1.969821445671565e-15
7.625,0.03503263543368747,77.50000000000004,0,100,3.0,6,8.442091910020992e-16
7.63,0.10606267793605692,77.50000000000001,0,100,3.0,6,2.814030636673664e-16
7.635,0.25734927343160535,77.5,0,100,3.0,6,0.0
7.64,0.5003202479539708,77.5,0,100,3.0,6,0.0
7.645,0.7793067891790435,77.5,0,100,3.0,6,0.0
7.65,0.9720477407234077,77.50000296131513,1,100,3.0,6,5.86399036171432e-08
7.655,0.967267334488097,77.50000586669285,0,100,3.0,6,1.1617213555053799e-07
7.66,0.7505869905515209,77.50001243272976,0,100,3.0,6,2.461926685397641e-07
7.665,0.4028369574773956,77.50002929773642,0,100,3.0,6,5.801531964008594e-07
7.67,0.04553881263121314,77.50007764429057,0,100,3.0,6,1.5375107043630377e-06
7.675,-0.189138810908105,77.50022444113267,0,100,3.0,6,4.44437886480865e-06
7.68,-0.22868072635956738,77.5006729999817,0,100,3.0,6,1.3326732310941783e-05
7.685,-0.14104670682394166,77.50200662880097,0,100,3.0,6,3.9735223781586806e-05
7.69,-0.051158381651102834,77.50579382291566,0,100,3.0,6,0.00011472916664679855
7.695,-0.008206426846427752,77.51596845203716,0,100,3.0,6,0.0003162069710328123
7.7,0.005350271385530505,77.54170084907592,0,100,3.0,6,0.0008257593876420391
7.705,0.01084668799215426,77.6027953662103,0,100,3.0,6,0.0020355518061445864
7.71,0.016256859896386415,77.73872856789444,0,100,3.0,6,0.004727298374147344
7.715,0.02345021205790711,78.02178614378205,0,100,3.0,6,0.0103323988867733
7.72,0.0330621597308209,78.57274718688386,0,100,3.0,6,0.02124251855215563
7.725,0.04559141319943196,79.57388842448763,0,100,3.0,6,0.041067097514606625
7.73,0.06149084917446989,81.26947432350076,0,100,3.0,6,0.07464305591090613
7.735,0.08111733445924295,83.94080437983155,0,100,3.0,6,0.1275406807887435
7.74,0.1046628598272375,87.84519714796359,0,100,3.0,6,0.2048553890685859
7.745,0.1320831047748631,93.11939194719336,0,100,3.0,6,0.30929489004343297
7.75,0.16303381314489318,99.66726161123096,0,100,3.0,6,0.4389556754699199
7.755,0.19682662652900276,107.07235404598593,0,100,3.0,6,0.5855911692274443
7.76,0.23241585813229,114.5849217034372,0,100,3.0,6,0.7343548852165783
7.765,0.26842527782774417,121.21893744735634,0,100,3.0,6,0.8657215336110167
7.77,0.30321927900592993,125.95557127067653,0,100,3.0,6,0.9595162627856738
7.775,0.3350163137995362,128.0,0,100,3.0,6,1.0
7.78,0.3620352400956416,127.00381183060969,0,100,3.0,6,0.9802735015962315
7.785,0.3826586036805073,123.16801061856472,0,100,3.0,6,0.9043170419517766
7.79,0.39559233134833227,117.18529630711025,0,100,3.0,6,0.7858474516259455
7.795,0.4,110.04485402705396,0,100,3.0,6,0.6444525549911675
7.8,0.39559233134833227,102.77562642313768,0,100,3.0,6,0.5005074539235185
7.805,0.3826586036805073,96.21947242055211,0,100,3.0,6,0.37068262218915066
7.81,0.3620352400956416,90.90020024825073,0,100,3.0,6,0.2653504999653609
7.815,0.3350163137995362,87.00641379908434,0,100,3.0,6,0.18824581780365035
7.82,0.3032192790059296,84.46183873099395,0,100,3.0,6,0.13785819269294944
7.825,0.26842527782774417,83.03487611005043,0,100,3.0,6,0.10960150712971155
7.83,0.23241585813229,82.44241985324331,0,100,3.0,6,0.09786970006422392
7.835,0.19682662652900276,82.42169421727391,0,100,3.0,6,0.09745929143116652
7.84,0.16303381314489318,82.76468708961895,0,100,3.0,6,0.10425122949740487
7.845,0.13208310477486307,83.3235951857834,0,100,3.0,6,0.11531871655016641
7.85,0.10466285982723562,84.00031938469603,0,100,3.0,6,0.128719195736555
7.855,0.08111733445917907,84.73108731348296,0,100,3.0,6,0.14318984779174176
7.86,0.06149084917398798,85.47276520571721,0,100,3.0,6,0.15787653872707344
7.865,0.04559141333598128,86.19331061043677,0,100,3.0,6,0.17214476456310432
7.87,0.03306217087257399,86.8663022786381,0,100,3.0,6,0.18547133225025944
7.875,0.02345067901074276,87.4684738559012,0,100,3.0,6,0.19739552189903356
7.88,0.016268788896435526,87.97908562508283,0,100,3.0,6,0.2075066460412442
7.885,0.011039026374860051,88.38024238654792,0,100,3.0,6,0.21545034428807763
7.89,0.007326255555493689,88.65758205605593,0,100,3.0,6,0.22094221893180058
7.895,0.0047556414315231815,88.80099727139321,0,100,3.0,6,0.22378212418600424
7.9,0.0030193390635632803,88.80520117714404,0,100,3.0,6,0.22386536984443647
7.905,0.001874953127946523,88.67003626796662,0,100,3.0,6,0.2211888369894381
7.91,0.0011387927410965778,88.40047980988066,0,100,3.0,6,0.21585108534417158
7.915,0.0006765107634274089,88.0063384100501,0,100,3.0,6,0.20804630514950703
7.92,0.00039307957404427924,87.50165555247239,0,100,3.0,6,0.19805258519747299
7.925,0.00022338910511776318,86.90388132771125,0,100,3.0,6,0.18621547183586626
7.93,0.00012417073320013317,86.23287258440021,0,100,3.0,6,0.17292816998812302
7.935,6.750753468904987e-05,85.50980319077796,0,100,3.0,6,0.15860996417382095
7.94,3.5897234866245036e-05,84.75606733504448,0,100,3.0,6,0.14368450168404906
7.945,1.8670050400879738e-05,83.99225397573021,0,100,3.0,6,0.1285594846679249
7.95,9.497421874143672e-06,83.23725872932803,0,100,3.0,6,0.11360908374906997
7.955,4.725434140340885e-06,82.50758243592045,0,100,3.0,6,0.09916004823604861
7.96,2.299606063738814e-06,81.81684561597365,0,100,3.0,6,0.08548209140541876
7.965,1.0945633976635486e-06,81.17552739936477,0,100,3.0,6,0.07278272077950035
7.97,5.095703414287532e-07,80.59091846912776,0,100,3.0,6,0.06120630631936153
7.975,2.3202944964797243e-07,80.06726188020727,0,100,3.0,6,0.05083686891499543
7.98,1.0333746954038608e-07,79.60604444742516,0,100,3.0,6,0.04170385044406262
7.985,4.501406988770349e-08,79.20639523846361,0,100,3.0,6,0.03379000472205176
7.99,0.0,78.86554641438488,0,100,3.0,6,0.027040523057126342
7.995,0.0,78.5793145693633,0,100,3.0,6,0.021372565729966438
8.0,0.0,78.34256681555922,0,100,3.0,6,0.016684491397212346
8.005,0.0,78.14964395113566,0,100,3.0,6,0.012864236656151651
8.01,0.0,77.99472195637934,0,100,3.0,6,0.009796474383749244
8.015,0.0,77.87210174718471,0,100,3.0,6,0.007368351429400293
8.02,0.0,77.77642477883984,0,100,3.0,6,0.005473757996828501
8.025,0.0,77.70281822146181,0,100,3.0,6,0.004016202405184382
8.03,0.0,77.64697778795882,0,100,3.0,6,0.002910451246709265
8.035,0.0,77.60519889581394,0,100,3.0,6,0.002083146451761224
8.04,0.0,77.5743678786863,0,100,3.0,6,0.0014726312611149088
8.045,0.0,77.5519247415339,0,100,3.0,6,0.0010282127036414903
8.05,0.0,77.53580783230012,0,100,3.0,6,0.0007090659861410356
8.055,0.0,77.52438913828057,0,100,3.0,6,0.00048295323327858503
8.06,0.0,77.51640701665087,0,100,3.0,6,0.00032489141882918076
8.065,0.0,77.51090128061816,0,100,3.0,6,0.00021586694293379726
8.07,0.0,77.50715385539726,0,100,3.0,6,0.00014166050291609876
8.075,0.0,77.50463679113156,0,100,3.0,6,9.181764616950303e-05
8.08,0.0,77.50296831267497,0,100,3.0,6,5.877846881120793e-05
8.085,0.0,77.5018767935301,0,100,3.0,6,3.71642283188395e-05
8.09,0.0,77.50117202826756,0,100,3.0,6,2.320848054576498e-05
8.095,0.0,77.50072289365475,0,100,3.0,6,1.4314725836701394e-05
8.1,0.0,77.50044037786004,0,100,3.0,6,8.720353664253563e-06
8.105,0.0,77.50026496668872,0,100,3.0,6,5.246865123128805e-06
8.11,0.0,77.50015746056945,0,100,3.0,6,3.118031078303271e-06
8.115,0.0,77.50009242024059,0,100,3.0,6,1.8301037740830808e-06
8.12,0.0,77.50005357684176,0,100,3.0,6,1.060927559700587e-06
8.125,0.0,77.50003067622127,0,100,3.0,6,6.074499261706811e-07
8.13,0.0,77.50001734767797,0,100,3.0,6,3.4351837560207777e-07
8.135,0.0,77.50000968937087,0,100,3.0,6,1.9186873010082785e-07
8.14,0.0,77.5000053452072,0,100,3.0,6,1.0584568711931184e-07
8.145,0.0,77.50000291238139,0,100,3.0,6,5.767091861929261e-08
8.15,0.001684486749771458,77.50000156728035,0,100,3.0,6,3.1035254454367857e-08
8.155,0.00456624331333666,77.50000083302851,0,100,3.0,6,1.6495614027638176e-08
8.16,0.011079731271581421,77.50000043730836,0,100,3.0,6,8.65957145374568e-09
8.165,0.024064571490409,77.5000002267412,0,100,3.0,6,4.489924612523219e-09
8.17,0.046784906529573234,77.50000011611486,0,100,3.0,6,2.2993041925879466e-09
8.175,0.08141644351188804,77.50000005873,0,100,3.0,6,1.1629701997896906e-09
8.18,0.12682276464025305,77.5000000293391,0,100,3.0,6,5.809723835128433e-10
8.185,0.1768320708657512,77.500000014476,0,100,3.0,6,2.8665348202927213e-10
8.19,0.22070063230473494,77.50000000705448,0,100,3.0,6,1.396927018504357e-10
8.195,0.24656126505113576,77.50000000339544,0,100,3.0,6,6.723647821123485e-11
8.2,0.24656126505724016,77.50000000161414,0,100,3.0,6,3.1963166986657814e-11
8.205,0.220700632329898,77.50000000075788,0,100,3.0,6,1.500750678844432e-11
8.21,0.17683207093748562,77.50000000035146,0,100,3.0,6,6.959660570621306e-12
8.215,0.12682276483597799,77.50000000016098,0,100,3.0,6,3.1877339052239267e-12
8.22,0.08141644409447898,77.50000000007282,0,100,3.0,6,1.4419092982315855e-12
8.225,0.04678490952598309,77.50000000003254,0,100,3.0,6,6.444130157982691e-13
8.23,0.024064605020532023,77.50000000001435,0,100,3.0,6,2.8421709430404007e-13
8.235,0.011080171739334697,77.50000000000625,0,100,3.0,6,1.2381734801364123e-13
8.24,0.004571212771509492,77.5000000000027,0,100,3.0,6,5.3466582096799615e-14
8.245,0.0017299316936037438,77.50000000000115,0,100,3.0,6,2.279364815705668e-14
8.25,0.0008899431850697582,77.50000000000048,0,100,3.0,6,9.567704164690459e-15
8.255,0.002128806368910263,77.5000000000002,0,100,3.0,6,3.93964289134313e-15
8.26,0.009309664818487698,77.50000000000009,0,100,3.0,6,1.6884183820041984e-15
8.265,0.03503263543368747,77.50000000000003,0,100,3.0,6,5.628061273347328e-16
8.27,0.10606267793605692,77.50000000000001,0,100,3.0,6,2.814030636673664e-16
8.275,0.25734927343160535,77.5,0,100,3.0,6,0.0
8.28,0.5003202479539708,77.5,0,100,3.0,6,0.0
8.285,0.7793067891790435,77.5,0,100,3.0,6,0.0
8.29,0.9720477407234077,77.50000297456887,1,100,3.0,6,5.890235390306951e-08
8.295,0.967267334488097,77.5000062222234,0,100,3.0,6,1.2321234465270038e-07
8.3,0.7505869905515209,77.50001412492644,0,100,3.0,6,2.797015136113962e-07
8.305,0.4028369574773956,77.50003641983405,0,100,3.0,6,7.211848326008267e-07
8.31,0.04553881263121314,77.50010706994215,0,100,3.0,6,2.1201968741812684e-06
8.315,-0.189138810908105,77.50034212581059,0,100,3.0,6,6.774768526539258e-06
8.32,-0.22868072635956738,77.5011174452075,0,100,3.0,6,2.212762787125219e-05
8.325,-0.14104670682394166,77.50356855475515,0,100,3.0,6,7.066445059699122e-05
8.33,-0.051158381651102834,77.51086963859841,0,100,3.0,6,0.00021524036828529712
8.335,-0.008206426846427752,77.53118939740251,0,100,3.0,6,0.0006176118297527509
8.34,0.005350271385530505,77.5838025515997,0,100,3.0,6,0.001659456467320855
8.345,0.01084668799215426,77.71022945889035,0,100,3.0,6,0.004162959581987194
8.35,0.016256859896386415,77.99167912939262,0,100,3.0,6,0.009736220384012324
8.355,0.02345021205790711,78.5712635147241,0,100,3.0,6,0.021213138905427614
8.36,0.0330621597308209,79.67352667251653,0,100,3.0,6,0.043040132129040204
8.365,0.04559141319943196,81.60576661164305,0,100,3.0,6,0.0813023091414465
8.37,0.06149084917446989,84.71992636449431,0,100,3.0,6,0.1429688389008775
8.375,0.08111733445924295,89.3182428616724,0,100,3.0,6,0.23402461112222578
8.38,0.1046628598272375,95.50702080839233,0,100,3.0,6,0.3565746694731154
8.385,0.1320831047748631,103.03863252038366,0,100,3.0,6,0.5057154954531418
8.39,0.16303381314489318,111.21541053963608,0,100,3.0,6,0.6676318918739819
8.395,0.19682662652900276,118.93384620768896,0,100,3.0,6,0.8204722021324546
8.4,0.23241585813229,124.90436853284245,0,100,3.0,6,0.9387003669869793
8.405,0.26842527782774417,128.0,0,100,3.0,6,1.0
8.41,0.30321927900592993,127.60820170828875,0,100,3.0,6,0.9922416179859158
8.415,0.3350163137995362,123.83638395652297,0,100,3.0,6,0.9175521575549102
8.42,0.3620352400956416,117.47746650268306,0,100,3.0,6,0.7916330000531299
8.425,0.3826586036805073,109.75136675254107,0,100,3.0,6,0.6386409257928926
8.43,0.39559233134833227,101.93854206075709,0,100,3.0,6,0.48393152595558586
8.435,0.4,95.05631336589965,0,100,3.0,7,0.34764976962177535
8.44,0.39559233134833227,89.68561676959516,0,100,3.0,7,0.24129934197218134
8.445,0.3826586036805073,85.97066202095813,0,100,3.0,7,0.1677358816031313
8.45,0.3620352400956416,83.73963639863871,0,100,3.0,7,0.1235571564086873
8.455,0.3350163137995362,82.66506980421391,0,100,3.0,7,0.10227860998443394
8.46,0.3032192790059296,82.39769679500384,0,100,3.0,7,0.09698409495057106
8.465,0.26842527782774417,82.64426327774376,0,100,3.0,7,0.1018665995592824
8.47,0.23241585813229,83.1925217979524,0,100,3.0,7,0.1127232039198494
8.475,0.19682662652900276,83.90296821666257,0,100,3.0,7,0.12679144983490243
8.48,0.16303381314489318,84.68768921939152,0,100,3.0,7,0.1423304795919112
8.485,0.13208310477486307,85.48964936969762,0,100,3.0,7,0.15821087860787358
8.49,0.10466285982723562,86.2679527426403,0,100,3.0,7,0.1736228265869367
8.495,0.08111733445917907,86.9895179409416,0,100,3.0,7,0.18791124635527912
8.5,0.06149084917398798,87.62548740634166,0,100,3.0,7,0.20050470111567648
8.505,0.04559141333598128,88.15044219056064,0,100,3.0,7,0.21089984535763642
8.51,0.03306217087257399,88.54297359153537,0,100,3.0,7,0.21867274438683904
8.515,0.02345067901074276,88.78671463080131,0,100,3.0,7,0.22349929961982798
8.52,0.016268788896435526,88.87133001885871,0,100,3.0,7,0.2251748518585884
8.525,0.011039026374860051,88.79319881643394,0,100,3.0,7,0.2236276993353256
8.53,0.007326255555493689,88.55565877970061,0,100,3.0,7,0.2189239362316952
8.535,0.0047556414315231815,88.168766505288,0,100,3.0,7,0.21126270307501
8.54,0.0030193390635632803,87.64859039083257,0,100,3.0,7,0.20096218595708054
8.545,0.001874953127946523,87.01610373171393,0,100,3.0,7,0.18843769765770152
8.55,0.0011387927410965778,86.29578368219154,0,100,3.0,7,0.1741739343008226
8.555,0.0006765107634274089,85.51404620349248,0,100,3.0,7,0.15869398422757394
8.56,0.00039307957404427924,84.69765577968232,0,100,3.0,7,0.1425278372214321
8.565,0.00022338910511776318,83.87224160225274,0,100,3.0,7,0.12618300202480678
8.57,0.00012417073320013317,83.06103109428663,0,100,3.0,7,0.1101194276096363
8.575,6.750753468904987e-05,82.28388071988795,0,100,3.0,7,0.09473031128490983
8.58,3.5897234866245036e-05,81.5566476806962,0,100,3.0,7,0.08032965704348914
8.585,1.8670050400879738e-05,80.89090926252491,0,100,3.0,7,0.06714671806980028
8.59,9.497421874143672e-06,80.29400369189199,0,100,3.0,7,0.05532680578003935
8.595,4.725434140340885e-06,79.76934075119777,0,100,3.0,7,0.0449374406177777
8.6,2.299606063738814e-06,79.316914026084,0,100,3.0,7,0.03597849556601993
8.605,1.0945633976635486e-06,78.93393997639421,0,100,3.0,7,0.02839485101770721
8.61,5.095703414287532e-07,78.615551171725,0,100,3.0,7,0.02209012221237628
8.615,2.3202944964797243e-07,78.35548017624241,0,100,3.0,7,0.016940201509750674
8.62,1.0333746954038608e-07,78.14668432330618,0,100,3.0,7,0.012805630164478717
8.625,4.501406988770349e-08,77.98187749628777,0,100,3.0,7,0.009542128639361692
8.63,0.0,77.85395079052064,0,100,3.0,7,0.007008926544963209
8.635,0.0,77.7562778414269,0,100,3.0,7,0.005074808741126601
8.64,0.0,77.68291156154915,0,100,3.0,7,0.003622011119785098
8.645,0.0,77.62868655855223,0,100,3.0,7,0.002548248684202616
8.65,0.0,77.58924566817144,0,100,3.0,7,0.001767240953889971
8.655,0.0,77.56101028213665,0,100,3.0,7,0.0012081243987455367
8.66,0.0,77.5411131592637,0,100,3.0,7,0.0008141219656178606
8.665,0.0,77.52730993064118,0,100,3.0,7,0.0005407907057659567
8.67,0.0,77.51788225456453,0,100,3.0,7,0.0003541040507826946
8.675,0.0,77.51154212778609,0,100,3.0,7,0.00022855698586309104
8.68,0.0,77.50734364057384,0,100,3.0,7,0.00014541862522448112
8.685,0.0,77.5046057342584,0,100,3.0,7,9.120265858227597e-05
8.69,0.0,77.50284739861534,0,100,3.0,7,5.638413099691746e-05
8.695,0.0,77.5017352401662,0,100,3.0,7,3.436119140986301e-05
8.7,0.0,77.50104239625774,0,100,3.0,7,2.0641510054353e-05
8.705,0.0,77.50061725984372,0,100,3.0,7,1.2222967202410697e-05
8.71,0.0,77.50036030072403,0,100,3.0,7,7.134667802491473e-06
8.715,0.0,77.50020731187256,0,100,3.0,7,4.1051855952004966e-06
8.72,0.0,77.50011758316428,0,100,3.0,7,2.3283794907438456e-06
8.725,0.0,77.50006573974899,0,100,3.0,7,1.3017772077280752e-06
8.73,0.0,77.50003623037833,0,100,3.0,7,7.174332342113456e-07
8.735,0.0,77.50001968247125,0,100,3.0,7,3.8975190589121443e-07
8.74,0.0,77.5000105401869,0,100,3.0,7,2.0871657240361558e-07
8.745,0.001684486749771458,77.50000556389502,0,100,3.0,7,1.1017613892723638e-07
8.75,0.00456624331333666,77.50000289515268,0,100,3.0,7,5.732975595681565e-08
8.755,0.011079731271581421,77.50000148499826,0,100,3.0,7,2.9405906233667265e-08
8.76,0.024064571490409,77.50000075083126,0,100,3.0,7,1.486794578322768e-08
8.765,0.046784906529573234,77.50000037421457,0,100,3.0,7,7.410189408180333e-09
8.77,0.08141644351188804,77.50000018384885,0,100,3.0,7,3.6405713735172804e-09
8.775,0.12682276464025305,77.50000008903548,0,100,3.0,7,1.7630788358411057e-09
8.78,0.1768320708657512,77.50000004250376,0,100,3.0,7,8.416585536330182e-10
8.785,0.22070063230473494,77.50000002000107,0,100,3.0,7,3.9606074195863487e-10
8.79,0.24656126505113576,77.50000000927771,0,100,3.0,7,1.837170855489405e-10
8.795,0.24656126505724016,77.5000000042422,0,100,3.0,7,8.400387975985489e-11
8.8,0.220700632329898,77.50000000191207,0,100,3.0,7,3.786278221644415e-11
8.805,0.17683207093748562,77.50000000084952,0,100,3.0,7,1.6822275146035165e-11
8.81,0.12682276483597799,77.50000000037205,0,100,3.0,7,7.36741360987532e-12
8.815,0.08141644409447898,77.50000000016063,0,100,3.0,7,3.1806988286322427e-12
8.82,0.04678490952598309,77.50000000006835,0,100,3.0,7,1.3535487362400324e-12
8.825,0.024064605020532023,77.50000000002868,0,100,3.0,7,5.678713824807455e-13
8.83,0.011080171739334697,77.50000000001185,0,100,3.0,7,2.346901550985836e-13
8.835,0.004571212771509492,77.50000000000483,0,100,3.0,7,9.567704164690458e-14
8.84,0.0017299316936037438,77.50000000000195,0,100,3.0,7,3.85522197224292e-14
8.845,0.0008899431850697582,77.50000000000077,0,100,3.0,7,1.5195765438037787e-14
8.85,0.002128806368910263,77.5000000000003,0,100,3.0,7,5.909464337014694e-15
8.855,0.009309664818487698,77.50000000000011,0,100,3.0,7,2.2512245093389313e-15
8.86,0.03503263543368747,77.50000000000004,0,100,3.0,7,8.442091910020992e-16
8.865,0.10606267793605692,77.50000000000001,0,100,3.0,7,2.814030636673664e-16
8.87,0.25734927343160535,77.5,0,100,3.0,7,0.0
8.875,0.5003202479539708,77.5,0,100,3.0,7,0.0
8.88,0.7793067891790435,77.5,0,100,3.0,7,0.0
8.885,0.9720477407234077,77.5000029768749,1,100,3.0,7,5.8948017741016935e-08
8.89,0.967267334488097,77.50000639791868,0,100,3.0,7,1.2669145904861705e-07
8.895,0.7505869905515209,77.50001503914727,0,100,3.0,7,2.978048964657976e-07
8.9,0.4028369574773956,77.5000405977313,0,100,3.0,7,8.039154712749602e-07
8.905,0.04553881263121314,77.50012568133535,0,100,3.0,7,2.488739313818796e-06
8.91,-0.189138810908105,77.50042139469598,0,100,3.0,7,8.344449425278683e-06
8.915,-0.22868072635956738,77.50143220973679,0,100,3.0,7,2.8360588847345023e-05
8.92,-0.14104670682394166,77.5047186192955,0,100,3.0,7,9.343800585153338e-05
8.925,-0.051158381651102834,77.51471703980556,0,100,3.0,7,0.0002914265308031825
8.93,-0.008206426846427752,77.54295938552251,0,100,3.0,7,0.0008506809014357997
8.935,0.005350271385530505,77.6167303530177,0,100,3.0,7,0.002311492138964373
8.94,0.01084668799215426,77.79449447378158,0,100,3.0,7,0.005831573738249171
8.945,0.016256859896386415,78.1889498680611,0,100,3.0,7,0.013642571644774282
8.95,0.02345021205790711,78.9936054602403,0,100,3.0,7,0.029576345747332738
8.955,0.0330621597308209,80.4996856165681,0,100,3.0,7,0.059399715179566354
8.96,0.04559141319943196,83.07993103850617,0,100,3.0,7,0.11049368393081534
8.965,0.06149084917446989,87.11287313371587,0,100,3.0,7,0.19035392343991814
8.97,0.08111733445924295,92.83655963825184,0,100,3.0,7,0.3036942502624127
8.975,0.1046628598272375,100.1592760486476,0,100,3.0,7,0.44869853561678413
8.98,0.1320831047748631,108.50359714416015,0,100,3.0,7,0.6139326167160426
8.985,0.16303381314489318,116.78654847688122,0,100,3.0,7,0.777951454987747
8.99,0.19682662652900276,123.60821001847575,0,100,3.0,7,0.913033861751995
8.995,0.23241585813229,127.62847233815549,0,100,3.0,7,0.9926430165971384
9.0,0.26842527782774417,128.0,0,100,3.0,7,1.0
9.005,0.30321927900592993,124.66760400991004,0,100,3.0,7,0.934011960592278
9.01,0.3350163137995362,118.39038146372059,0,100,3.0,7,0.8097105240340711
9.015,0.3620352400956416,110.47562935409675,0,100,3.0,7,0.6529827594870644
9.02,0.3826586036805073,102.35298204453142,0,100,3.0,7,0.4921382583075528
9.025,0.39559233134833227,95.17874322086946,0,100,3.0,7,0.35007412318553394
9.03,0.4,89.61569511522995,0,100,3.0,7,0.23991475475702878
9.035,0.39559233134833227,85.82517009686714,0,100,3.0,7,0.16485485340330971
9.04,0.3826586036805073,83.6090618349903,0,100,3.0,7,0.12097152148495643
9.045,0.3620352400956416,82.59933730320935,0,100,3.0,7,0.1009769763011753
9.05,0.3350163137995362,82.41268319594003,0,100,3.0,7,0.09728085536514917
9.055,0.3032192790059296,82.73585255051967,0,100,3.0,7,0.10368024852514192
9.06,0.26842527782774417,83.34863649182353,0,100,3.0,7,0.11581458399650547
9.065,0.23241585813229,84.11012510513392,0,100,3.0,7,0.1308935664382954
9.07,0.19682662652900276,84.93289016428321,0,100,3.0,7,0.14718594384719225
9.075,0.16303381314489318,85.75985479737454,0,100,3.0,7,0.1635614811361296
9.08,0.13208310477486307,86.54900938892803,0,100,3.0,7,0.17918830473124805
9.085,0.10466285982723562,87.2655137876512,0,100,3.0,7,0.19337651064655845
9.09,0.08111733445917907,87.87880541393756,0,100,3.0,7,0.2055208992858922
9.095,0.06149084917398798,88.36243221298648,0,100,3.0,7,0.21509766758389062
9.1,0.04559141333598128,88.69504827525046,0,100,3.0,7,0.2216841242623853
9.105,0.03306217087257399,88.86166481029888,0,100,3.0,7,0.22498346159007676
9.11,0.02345067901074276,88.85467214111144,0,100,3.0,7,0.22484499289329576
9.115,0.016268788896435526,88.67438787319062,0,100,3.0,7,0.22127500738991338
9.12,0.011039026374860051,88.32902560186928,0,100,3.0,7,0.21443615053206486
9.125,0.007326255555493689,87.834072636083,0,100,3.0,7,0.20463510170461374
9.13,0.0047556414315231815,87.21113807884366,0,100,3.0,7,0.19229976393749823
9.135,0.0030193390635632803,86.48638950473932,0,100,3.0,7,0.177948307024541
9.14,0.001874953127946523,85.68873539894074,0,100,3.0,7,0.16215317621664824
9.145,0.0011387927410965778,84.84792859716677,0,100,3.0,7,0.14550353657755982
9.15,0.0006765107634274089,83.99276234682259,0,100,3.0,7,0.12856955142222945
9.155,0.00039307957404427924,83.14950732513329,0,100,3.0,7,0.11187143218085714
9.16,0.00022338910511776318,82.34069963296807,0,100,3.0,7,0.0958554382765954
9.165,0.00012417073320013317,81.58434279250736,0,100,3.0,7,0.08087807509915558
9.17,6.750753468904987e-05,80.89353805575186,0,100,3.0,7,0.06719877338122497
9.175,3.5897234866245036e-05,80.27651326693037,0,100,3.0,7,0.05498046073129437
9.18,1.8670050400879738e-05,79.73698603104926,0,100,3.0,7,0.04429675309008427
9.185,9.497421874143672e-06,79.27477491320202,0,100,3.0,7,0.03514405768716877
9.19,4.725434140340885e-06,78.88656355336967,0,100,3.0,7,0.027456704027122157
9.195,2.299606063738814e-06,78.56672572691414,0,100,3.0,7,0.02112328172107214
9.2,1.0945633976635486e-06,78.30813189638289,0,100,3.0,7,0.01600261180956216
9.205,5.095703414287532e-07,78.10287630828009,0,100,3.0,7,0.011938144718417582
9.21,2.3202944964797243e-07,77.94288469900617,0,100,3.0,7,0.008769994039726167
9.215,1.0333746954038608e-07,77.82038311916784,0,100,3.0,7,0.0063442201815414505
9.22,4.501406988770349e-08,77.72822597134211,0,100,3.0,7,0.004519326165190349
9.225,0.0,77.66009471412842,0,100,3.0,7,0.0031701923589786034
9.23,0.0,77.61058733996865,0,100,3.0,7,0.0021898483162108096
9.235,0.0,77.57522294299544,0,100,3.0,7,0.0014895632276324417
9.24,0.0,77.55038621312866,0,100,3.0,7,0.0009977467946269503
9.245,0.0,77.53323453510313,0,100,3.0,7,0.0006581096060026449
9.25,0.0,77.52158658720883,0,100,3.0,7,0.0004274571724520814
9.255,0.0,77.51380685790998,0,100,3.0,7,0.0002734031269303704
9.26,0.0,77.5086960537223,0,100,3.0,7,0.0001721990836099709
9.265,0.0,77.50539344261945,0,100,3.0,7,0.00010680084394950859
9.27,0.0,77.50329402128571,0,100,3.0,7,6.522814427151136e-05
9.275,0.0,77.50198108554771,0,100,3.0,7,3.922941678637255e-05
9.28,0.0,77.50117326616962,0,100,3.0,7,2.323299345773806e-05
9.285,0.0,77.50068423668777,0,100,3.0,7,1.3549241342076076e-05
9.29,0.0,77.5003929458036,0,100,3.0,7,7.781105021721677e-06
9.295,0.0,77.50022221606024,0,100,3.0,7,4.400318024499038e-06
9.3,0.0,77.5001237470122,0,100,3.0,7,2.4504358850775826e-06
9.305,0.0,77.5000678594742,0,100,3.0,7,1.3437519643534554e-06
9.31,0.0,77.50003664398938,0,100,3.0,7,7.256235519862727e-07
9.315,0.0,77.50001948549742,0,100,3.0,7,3.858514340249307e-07
9.32,0.001684486749771458,77.50001020320788,0,100,3.0,7,2.0204372036811162e-07
9.325,0.00456624331333666,77.50000526112309,0,100,3.0,7,1.0418065530171985e-07
9.33,0.011079731271581421,77.50000267138621,0,100,3.0,7,5.289873688480379e-08
9.335,0.024064571490409,77.50000133570758,0,100,3.0,7,2.6449655051422243e-08
9.34,0.046784906529573234,77.50000065766176,0,100,3.0,7,1.3023005107747354e-08
9.345,0.08141644351188804,77.5000003188675,0,100,3.0,7,6.3142080519058494e-09
9.35,0.12682276464025305,77.500000152242,0,100,3.0,7,3.0146929705074623e-09
9.355,0.1768320708657512,77.50000007157726,0,100,3.0,7,1.4173715138859185e-09
9.36,0.22070063230473494,77.50000003313846,0,100,3.0,7,6.562071810026957e-10
9.365,0.24656126505113576,77.50000001510796,0,100,3.0,7,2.991674762705599e-10
9.37,0.24656126505724016,77.5000000067826,0,100,3.0,7,1.3430889843635165e-10
9.375,0.220700632329898,77.50000000299849,0,100,3.0,7,5.937604643381431e-11
9.38,0.17683207093748562,77.50000000130535,0,100,3.0,7,2.584855981622961e-11
9.385,0.12682276483597799,77.50000000055958,0,100,3.0,7,1.1080808438029887e-11
9.39,0.08141644409447898,77.50000000023623,0,100,3.0,7,4.677763127342632e-12
9.395,0.04678490952598309,77.5000000000982,0,100,3.0,7,1.944495169941502e-12
9.4,0.024064605020532023,77.50000000004019,0,100,3.0,7,7.958078640513122e-13
9.405,0.011080171739334697,77.5000000000162,0,100,3.0,7,3.207994925807977e-13
9.41,0.004571212771509492,77.50000000000644,0,100,3.0,7,1.27475587841317e-13
9.415,0.0017299316936037438,77.50000000000252,0,100,3.0,7,4.9808342269123855e-14
9.42,0.0008899431850697582,77.50000000000097,0,100,3.0,7,1.9135408329380917e-14
9.425,0.002128806368910263,77.50000000000037,0,100,3.0,7,7.316479655351527e-15
9.43,0.009309664818487698,77.50000000000014,0,100,3.0,7,2.8140306366736642e-15
9.435,0.03503263543368747,77.50000000000004,0,100,3.0,7,8.442091910020992e-16
9.44,0.10606267793605692,77.50000000000001,0,100,3.0,7,2.814030636673664e-16
9.445,0.25734927343160535,77.5,0,100,3.0,7,0.0
9.45,0.5003202479539708,77.5,0,100,3.0,7,0.0
9.455,0.7793067891790435,77.5,0,100,3.0,7,0.0
9.46,0.9720477407234077,77.50000296249844,1,100,3.0,7,5.866333548744865e-08
9.465,0.967267334488097,77.50000623791465,0,100,3.0,7,1.2352306231771917e-07
9.47,0.7505869905515209,77.50001428061503,0,100,3.0,7,2.827844561111441e-07
9.475,0.4028369574773956,77.50003723221408,0,100,3.0,7,7.372715660071348e-07
9.48,0.04553881263121314,77.5001108437001,0,100,3.0,7,2.194924754443455e-06
9.485,-0.189138810908105,77.5003583964972,0,100,3.0,7,7.096960340696019e-06
9.49,-0.22868072635956738,77.501182171344,0,100,3.0,7,2.340933354452597e-05
9.495,-0.14104670682394166,77.50380467824786,0,100,3.0,7,7.534016332396512e-05
9.5,-0.051158381651102834,77.51165782593294,0,100,3.0,7,0.00023084803827609813
9.505,-0.008206426846427752,77.5335966224769,0,100,3.0,7,0.0006652796530080524
9.51,0.005350271385530505,77.59053331272185,0,100,3.0,7,0.0017927388657791189
9.515,0.01084668799215426,77.72746904695667,0,100,3.0,7,0.00450433756349843
9.52,0.016256859896386415,78.03213843050357,0,100,3.0,7,0.01053739466343693
9.525,0.02345021205790711,78.65824858789371,0,100,3.0,7,0.022935615601855627
9.53,0.0330621597308209,79.8447054890364,0,100,3.0,7,0.04642981166408713
9.535,0.04559141319943196,81.91361678160214,0,100,3.0,7,0.08739835211093355
9.54,0.06149084917446989,85.22452481350312,0,100,3.0,7,0.15296088739610145
9.545,0.08111733445924295,90.06880030306164,0,100,3.0,7,0.2488871347140918
9.55,0.1046628598272375,96.51294300837715,0,100,3.0,7,0.37649392095796336
9.555,0.1320831047748631,104.23854785834601,0,100,3.0,7,0.5294761952147725
9.56,0.16303381314489318,112.45984400219734,0,100,3.0,7,0.6922741386573731
9.565,0.19682662652900276,119.9980053094794,0,100,3.0,7,0.8415446595936514
9.57,0.23241585813229,125.53757473601254,0,100,3.0,7,0.9512391036834167
9.575,0.26842527782774417,128.0,0,100,3.0,7,1.0
9.58,0.30321927900592993,126.89180836635488,0,100,3.0,7,0.9780556112149481
9.585,0.3350163137995362,122.4744115695857,0,100,3.0,7,0.8905824073185287
9.59,0.3620352400956416,115.6764248123543,0,100,3.0,7,0.7559688081654317
9.595,0.3826586036805073,107.78956631187174,0,100,3.0,7,0.5997933923142919
9.6,0.39559233134833227,100.08516728784107,0,100,3.0,7,0.4472310354027935
9.605,0.4,93.50661991231735,0,100,3.0,7,0.3169627705409376
9.61,0.39559233134833227,88.53287890241118,0,100,3.0,7,0.21847284955269672
9.615,0.3826586036805073,85.21553134284277,0,100,3.0,7,0.15278279886817359
9.62,0.3620352400956416,83.32232502267858,0,100,3.0,7,0.1152935648055165
9.625,0.3350163137995362,82.50166604103804,0,100,3.0,7,0.09904289190174327
9.63,0.3032192790059296,82.40734321991523,0,100,3.0,7,0.09717511326564819
9.635,0.26842527782774417,82.76277175392498,0,100,3.0,7,0.1042133020579204
9.64,0.23241585813229,83.37479852576797,0,100,3.0,8,0.1163326440746133
9.645,0.19682662652900276,84.11928489680142,0,100,3.0,8,0.1310749484515132
9.65,0.16303381314489318,84.91824422362451,0,100,3.0,8,0.14689592522028738
9.655,0.13208310477486307,85.71996481329595,0,100,3.0,8,0.16277158046130585
9.66,0.10466285982723562,86.48593626724252,0,100,3.0,8,0.1779393320246044
9.665,0.08111733445917907,87.18404127410177,0,100,3.0,8,0.19176319354656976
9.67,0.06149084917398798,87.78600746918313,0,100,3.0,8,0.20368331622144817
9.675,0.04559141333598128,88.26721388243585,0,100,3.0,8,0.2132121560878387
9.68,0.03306217087257399,88.60753321720543,0,100,3.0,8,0.2199511528159491
9.685,0.02345067901074276,88.79243107822423,0,100,3.0,8,0.22361249659849952
9.69,0.016268788896435526,88.81389846101516,0,100,3.0,8,0.22403759328742884
9.695,0.011039026374860051,88.67099812814219,0,100,3.0,8,0.22120788372558786
9.7,0.007326255555493689,88.36992451308627,0,100,3.0,8,0.21524602996210446
9.705,0.0047556414315231815,87.92355634630057,0,100,3.0,8,0.20640705636238757
9.71,0.0030193390635632803,87.35054249369495,0,100,3.0,8,0.1950602473998999
9.715,0.001874953127946523,86.67401021165833,0,100,3.0,8,0.18166356854768964
9.72,0.0011387927410965778,85.92002012496754,0,100,3.0,8,0.16673307178153537
9.725,0.0006765107634274089,85.11591134258094,0,100,3.0,8,0.15081012559566226
9.73,0.00039307957404427924,84.28868206654177,0,100,3.0,8,0.13442934785231223
9.735,0.00022338910511776318,83.46353675053035,0,100,3.0,8,0.11808983664416539
9.74,0.00012417073320013317,82.66270333596,0,100,3.0,8,0.10223174922693076
9.745,6.750753468904987e-05,81.90458788413636,0,100,3.0,8,0.08721956206210617
9.75,3.5897234866245036e-05,81.20329432496659,0,100,3.0,8,0.07333256089042757
9.755,1.8670050400879738e-05,80.5684992351286,0,100,3.0,8,0.06076236109165541
9.76,9.497421874143672e-06,80.00563985868109,0,100,3.0,8,0.04961663086497214
9.765,4.725434140340885e-06,79.51635092389155,0,100,3.0,8,0.03992774106715943
9.77,2.299606063738814e-06,79.0990735069262,0,100,3.0,8,0.03166482191933075
9.775,1.0945633976635486e-06,78.74975699852942,0,100,3.0,8,0.024747663337216248
9.78,5.095703414287532e-07,78.46258162434901,0,100,3.0,8,0.0190610222643369
9.785,2.3202944964797243e-07,78.23064160050076,0,100,3.0,8,0.014468150504965555
9.79,1.0333746954038608e-07,78.0465451756297,0,100,3.0,8,0.01082267674514263
9.795,4.501406988770349e-08,77.9029049232077,0,100,3.0,8,0.007978315311043564
9.8,0.0,77.792707549016,0,100,3.0,8,0.005796189089425757
9.805,0.0,77.70956565642611,0,100,3.0,8,0.004149814978734806
9.81,0.0,77.64786355410972,0,100,3.0,8,0.0029279911704894867
9.815,0.0,77.60281512541162,0,100,3.0,8,0.0020359430774578983
9.82,0.0,77.57045433470391,0,100,3.0,8,0.0013951353406714971
9.825,0.0,77.54757877616558,0,100,3.0,8,0.0009421539834768215
9.83,0.0,77.5316645744132,0,100,3.0,8,0.0006270212755088895
9.835,0.0,77.5207677230544,0,100,3.0,8,0.00041124204068128704
9.84,0.0,77.51342328935382,0,100,3.0,8,0.00026580770997671236
9.845,0.0,77.50855034936433,0,100,3.0,8,0.00016931384879856045
9.85,0.0,77.50536739563128,0,100,3.0,8,0.00010628506200558573
9.855,0.0,77.50332045956841,0,100,3.0,8,6.575167462205902e-05
9.86,0.0,77.50202435942687,0,100,3.0,8,4.008632528453826e-05
9.865,0.0,77.50121627531419,0,100,3.0,8,2.4084659686974587e-05
9.87,0.0,77.50072016332395,0,100,3.0,8,1.4260659880149135e-05
9.875,0.0,77.50042022796278,0,100,3.0,8,8.321345797576844e-06
9.88,0.0,77.50024165385936,0,100,3.0,8,4.785224937864264e-06
9.885,0.0,77.50013694852625,0,100,3.0,8,2.7118520048958036e-06
9.89,0.0,77.50007648492242,0,100,3.0,8,1.5145529191456019e-06
9.895,0.0,77.50004209680522,0,100,3.0,8,8.336001033035471e-07
9.9,0.0,77.50002283375228,0,100,3.0,8,4.5215351054922745e-07
9.905,0.0,77.50001220563202,0,100,3.0,8,2.416956835243735e-07
9.91,0.001684486749771458,77.5000064298094,0,100,3.0,8,1.2732295847782363e-07
9.915,0.00456624331333666,77.50000333803408,0,100,3.0,8,6.609968468723364e-08
9.92,0.011079731271581421,77.50000170780497,0,100,3.0,8,3.381792018696822e-08
9.925,0.024064571490409,77.50000086107428,0,100,3.0,8,1.7050975918326652e-08
9.93,0.046784906529573234,77.50000042785618,0,100,3.0,8,8.472399582784095e-09
9.935,0.08141644351188804,77.50000020951245,0,100,3.0,8,4.148761387240132e-09
9.94,0.12682276464025305,77.50000010110594,0,100,3.0,8,2.0020978142680844e-09
9.945,0.1768320708657512,77.50000004808376,0,100,3.0,8,9.52153717806519e-10
9.95,0.22070063230473494,77.5000000225359,0,100,3.0,8,4.46255450634174e-10
9.955,0.24656126505113576,77.50000001040894,0,100,3.0,8,2.0611761362605386e-10
9.96,0.24656126505724016,77.50000000473797,0,100,3.0,8,9.38211884420183e-11
9.965,0.220700632329898,77.50000000212536,0,100,3.0,8,4.2086360799027655e-11
9.97,0.17683207093748562,77.50000000093956,0,100,3.0,8,1.8605244957431598e-11
9.975,0.12682276483597799,77.50000000040933,0,100,3.0,8,8.105533845874822e-12
9.98,0.08141644409447898,77.50000000017575,0,100,3.0,8,3.4801116883743206e-12
9.985,0.04678490952598309,77.50000000007437,0,100,3.0,8,1.4725822321713284e-12
9.99,0.024064605020532023,77.50000000003101,0,100,3.0,8,6.140214849221935e-13
9.995,0.011080171739334697,77.50000000001275,0,100,3.0,8,2.5241854810962767e-13
10.0,0.004571212771509492,77.50000000000516,0,100,3.0,8,1.0214931211125401e-13
10.005,0.0017299316936037438,77.50000000000206,0,100,3.0,8,4.080344423176813e-14
10.01,0.0008899431850697582,77.50000000000081,0,100,3.0,8,1.6039974629039884e-14
10.015,0.002128806368910263,77.50000000000031,0,100,3.0,8,6.190867400682061e-15
10.02,0.009309664818487698,77.50000000000011,0,100,3.0,8,2.2512245093389313e-15
10.025,0.03503263543368747,77.50000000000004,0,100,3.0,8,8.442091910020992e-16
10.03,0.10606267793605692,77.50000000000001,0,100,3.0,8,2.814030636673664e-16
10.035,0.25734927343160535,77.5,0,100,3.0,8,0.0
10.04,0.5003202479539708,77.5,0,100,3.0,8,0.0
10.045,0.7793067891790435,77.5,0,100,3.0,8,0.0
10.05,0.9720477407234077,77.5000029768749,1,100,3.0,8,5.8948017741016935e-08
10.055,0.967267334488097,77.50000639791868,0,100,3.0,8,1.2669145904861705e-07
10.06,0.7505869905515209,77.50001503914727,0,100,3.0,8,2.978048964657976e-07
10.065,0.4028369574773956,77.5000405977313,0,100,3.0,8,8.039154712749602e-07
10.07,0.04553881263121314,77.50012568133535,0,100,3.0,8,2.488739313818796e-06
10.075,-0.189138810908105,77.50042139469598,0,100,3.0,8,8.344449425278683e-06
10.08,-0.22868072635956738,77.50143220973679,0,100,3.0,8,2.8360588847345023e-05
10.085,-0.14104670682394166,77.5047186192955,0,100,3.0,8,9.343800585153338e-05
10.09,-0.051158381651102834,77.51471703980556,0,100,3.0,8,0.0002914265308031825
10.095,-0.008206426846427752,77.54295938552251,0,100,3.0,8,0.0008506809014357997
10.1,0.005350271385530505,77.6167303530177,0,100,3.0,8,0.002311492138964373
10.105,0.01084668799215426,77.79449447378158,0,100,3.0,8,0.005831573738249171
10.11,0.016256859896386415,78.1889498680611,0,100,3.0,8,0.013642571644774282
10.115,0.02345021205790711,78.9936054602403,0,100,3.0,8,0.029576345747332738
10.12,0.0330621597308209,80.4996856165681,0,100,3.0,8,0.059399715179566354
10.125,0.04559141319943196,83.07993103850617,0,100,3.0,8,0.11049368393081534
10.13,0.06149084917446989,87.11287313371587,0,100,3.0,8,0.19035392343991814
10.135,0.08111733445924295,92.83655963825184,0,100,3.0,8,0.3036942502624127
10.14,0.1046628598272375,100.1592760486476,0,100,3.0,8,0.44869853561678413
10.145,0.1320831047748631,108.50359714416015,0,100,3.0,8,0.6139326167160426
10.15,0.16303381314489318,116.78654847688122,0,100,3.0,8,0.777951454987747
10.155,0.19682662652900276,123.60821001847575,0,100,3.0,8,0.913033861751995
10.16,0.23241585813229,127.62847233815549,0,100,3.0,8,0.9926430165971384
10.165,0.26842527782774417,128.0,0,100,3.0,8,1.0
10.17,0.30321927900592993,124.66760400991004,0,100,3.0,8,0.934011960592278
10.175,0.3350163137995362,118.39038146372059,0,100,3.0,8,0.8097105240340711
10.18,0.3620352400956416,110.47562935409675,0,100,3.0,8,0.6529827594870644
10.185,0.3826586036805073,102.35298204453142,0,100,3.0,8,0.4921382583075528
10.19,0.39559233134833227,95.17874322086946,0,100,3.0,8,0.35007412318553394
10.195,0.4,89.61569511522995,0,100,3.0,8,0.23991475475702878
10.2,0.39559233134833227,85.82517009686714,0,100,3.0,8,0.16485485340330971
10.205,0.3826586036805073,83.6090618349903,0,100,3.0,8,0.12097152148495643
10.21,0.3620352400956416,82.59933730320935,0,100,3.0,8,0.1009769763011753
10.215,0.3350163137995362,82.41268319594003,0,100,3.0,8,0.09728085536514917
10.22,0.3032192790059296,82.73585255051967,0,100,3.0,8,0.10368024852514192
10.225,0.26842527782774417,83.34863649182353,0,100,3.0,8,0.11581458399650547
10.23,0.23241585813229,84.11012510513392,0,100,3.0,8,0.1308935664382954
10.235,0.19682662652900276,84.93289016428321,0,100,3.0,8,0.14718594384719225
10.24,0.16303381314489318,85.75985479737454,0,100,3.0,8,0.1635614811361296
10.245,0.13208310477486307,86.54900938892803,0,100,3.0,8,0.17918830473124805
10.25,0.10466285982723562,87.2655137876512,0,100,3.0,8,0.19337651064655845
10.255,0.08111733445917907,87.87880541393756,0,100,3.0,8,0.2055208992858922
10.26,0.06149084917398798,88.36243221298648,0,100,3.0,8,0.21509766758389062
10.265,0.04559141333598128,88.69504827525046,0,100,3.0,8,0.2216841242623853
10.27,0.03306217087257399,88.86166481029888,0,100,3.0,8,0.22498346159007676
10.275,0.02345067901074276,88.85467214111144,0,100,3.0,8,0.22484499289329576
10.28,0.016268788896435526,88.67438787319062,0,100,3.0,8,0.22127500738991338
10.285,0.011039026374860051,88.32902560186928,0,100,3.0,8,0.21443615053206486
10.29,0.007326255555493689,87.834072636083,0,100,3.0,8,0.20463510170461374
10.295,0.0047556414315231815,87.21113807884366,0,100,3.0,8,0.19229976393749823
10.3,0.0030193390635632803,86.48638950473932,0,100,3.0,8,0.177948307024541
10.305,0.001874953127946523,85.68873539894074,0,100,3.0,8,0.16215317621664824
10.31,0.0011387927410965778,84.84792859716677,0,100,3.0,8,0.14550353657755982
10.315,0.0006765107634274089,83.99276234682259,0,100,3.0,8,0.12856955142222945
10.32,0.00039307957404427924,83.14950732513329,0,100,3.0,8,0.11187143218085714
10.325,0.00022338910511776318,82.34069963296807,0,100,3.0,8,0.0958554382765954
10.33,0.00012417073320013317,81.58434279250736,0,100,3.0,8,0.08087807509915558
10.335,6.750753468904987e-05,80.89353805575186,0,100,3.0,8,0.06719877338122497
10.34,3.5897234866245036e-05,80.27651326693037,0,100,3.0,8,0.05498046073129437
10.345,1.8670050400879738e-05,79.73698603104926,0,100,3.0,8,0.04429675309008427
10.35,9.497421874143672e-06,79.27477491320202,0,100,3.0,8,0.03514405768716877
10.355,4.725434140340885e-06,78.88656355336967,0,100,3.0,8,0.027456704027122157
10.36,2.299606063738814e-06,78.56672572691414,0,100,3.0,8,0.02112328172107214
10.365,1.0945633976635486e-06,78.30813189638289,0,100,3.0,8,0.01600261180956216
10.37,5.095703414287532e-07,78.10287630828009,0,100,3.0,8,0.011938144718417582
10.375,2.3202944964797243e-07,77.94288469900617,0,100,3.0,8,0.008769994039726167
10.38,1.0333746954038608e-07,77.82038311916784,0,100,3.0,8,0.0063442201815414505
10.385,4.501406988770349e-08,77.72822597134211,0,100,3.0,8,0.004519326165190349
10.39,0.0,77.66009471412842,0,100,3.0,8,0.0031701923589786034
10.395,0.0,77.61058733996865,0,100,3.0,8,0.0021898483162108096
10.4,0.0,77.57522294299544,0,100,3.0,8,0.0014895632276324417
10.405,0.0,77.55038621312866,0,100,3.0,8,0.0009977467946269503
10.41,0.0,77.53323453510313,0,100,3.0,8,0.0006581096060026449
10.415,0.0,77.52158658720883,0,100,3.0,8,0.0004274571724520814
10.42,0.0,77.51380685790998,0,100,3.0,8,0.0002734031269303704
10.425,0.0,77.5086960537223,0,100,3.0,8,0.0001721990836099709
10.43,0.0,77.50539344261945,0,100,3.0,8,0.00010680084394950859
10.435,0.0,77.50329402128571,0,100,3.0,8,6.522814427151136e-05
10.44,0.0,77.50198108554771,0,100,3.0,8,3.922941678637255e-05
10.445,0.0,77.50117326616962,0,100,3.0,8,2.323299345773806e-05
10.45,0.0,77.50068423668777,0,100,3.0,8,1.3549241342076076e-05
10.455,0.0,77.5003929458036,0,100,3.0,8,7.781105021721677e-06
10.46,0.0,77.50022221606024,0,100,3.0,8,4.400318024499038e-06
10.465,0.0,77.5001237470122,0,100,3.0,8,2.4504358850775826e-06
10.47,0.0,77.5000678594742,0,100,3.0,8,1.3437519643534554e-06
10.475,0.0,77.50003664398938,0,100,3.0,8,7.256235519862727e-07
10.48,0.0,77.50001948549742,0,100,3.0,8,3.858514340249307e-07
10.485,0.001684486749771458,77.50001020320788,0,100,3.0,8,2.0204372036811162e-07
10.49,0.00456624331333666,77.50000526112309,0,100,3.0,8,1.0418065530171985e-07
10.495,0.011079731271581421,77.50000267138621,0,100,3.0,8,5.289873688480379e-08
10.5,0.024064571490409,77.50000133570758,0,100,3.0,8,2.6449655051422243e-08
10.505,0.046784906529573234,77.50000065766176,0,100,3.0,8,1.3023005107747354e-08
10.51,0.08141644351188804,77.5000003188675,0,100,3.0,8,6.3142080519058494e-09
10.515,0.12682276464025305,77.500000152242,0,100,3.0,8,3.0146929705074623e-09
10.52,0.1768320708657512,77.50000007157726,0,100,3.0,8,1.4173715138859185e-09
10.525,0.22070063230473494,77.50000003313846,0,100,3.0,8,6.562071810026957e-10
10.53,0.24656126505113576,77.50000001510796,0,100,3.0,8,2.991674762705599e-10
10.535,0.24656126505724016,77.5000000067826,0,100,3.0,8,1.3430889843635165e-10
10.54,0.220700632329898,77.50000000299849,0,100,3.0,8,5.937604643381431e-11
10.545,0.17683207093748562,77.50000000130535,0,100,3.0,8,2.584855981622961e-11
10.55,0.12682276483597799,77.50000000055958,0,100,3.0,8,1.1080808438029887e-11
10.555,0.08141644409447898,77.50000000023623,0,100,3.0,8,4.677763127342632e-12
10.56,0.04678490952598309,77.5000000000982,0,100,3.0,8,1.944495169941502e-12
10.565,0.024064605020532023,77.50000000004019,0,100,3.0,8,7.958078640513122e-13
10.57,0.011080171739334697,77.5000000000162,0,100,3.0,8,3.207994925807977e-13
10.575,0.004571212771509492,77.50000000000644,0,100,3.0,8,1.27475587841317e-13
10.58,0.0017299316936037438,77.50000000000252,0,100,3.0,8,4.9808342269123855e-14
10.585,0.0008899431850697582,77.50000000000097,0,100,3.0,8,1.9135408329380917e-14
10.59,0.002128806368910263,77.50000000000037,0,100,3.0,8,7.316479655351527e-15
10.595,0.009309664818487698,77.50000000000014,0,100,3.0,8,2.8140306366736642e-15
10.6,0.03503263543368747,77.50000000000004,0,100,3.0,8,8.442091910020992e-16
10.605,0.10606267793605692,77.50000000000001,0,100,3.0,8,2.814030636673664e-16
10.61,0.25734927343160535,77.5,0,100,3.0,8,0.0
10.615,0.5003202479539708,77.5,0,100,3.0,8,0.0
10.62,0.7793067891790435,77.5,0,100,3.0,8,0.0
10.625,0.9720477407234077,77.50000297262514,1,100,3.0,8,5.8863864154827213e-08
10.63,0.967267334488097,77.50000602692357,0,100,3.0,8,1.193450212231075e-07
10.635,0.7505869905515209,77.50001314884915,0,100,3.0,8,2.603732504761829e-07
10.64,0.4028369574773956,77.50003218277465,0,100,3.0,8,6.372826662597374e-07
10.645,0.04553881263121314,77.5000891336331,0,100,3.0,8,1.7650224375563202e-06
10.65,-0.189138810908105,77.5002690214767,0,100,3.0,8,5.32715795439925e-06
10.655,-0.22868072635956738,77.50083732265789,0,100,3.0,8,1.6580646690828313e-05
10.66,-0.14104670682394166,77.50257317183726,0,100,3.0,8,5.09538977674351e-05
10.665,-0.051158381651102834,77.5076082097914,0,100,3.0,8,0.00015065761963167613
10.67,-0.008206426846427752,77.52135258747315,0,100,3.0,8,0.0004228235143197217
10.675,0.005350271385530505,77.55649700924465,0,100,3.0,8,0.0011187526583099309
10.68,0.01084668799215426,77.64045440057028,0,100,3.0,8,0.0027812752588173757
10.685,0.016256859896386415,77.82751617390053,0,100,3.0,8,0.006485468790109587
10.69,0.02345021205790711,78.21569569973141,0,100,3.0,8,0.014172192073889358
10.695,0.0330621597308209,78.96491975294279,0,100,3.0,8,0.029008311939461205
10.7,0.04559141319943196,80.30785299502509,0,100,3.0,8,0.05560104940643736
10.705,0.06149084917446989,82.53901529227541,0,100,3.0,8,0.0997824810351566
10.71,0.08111733445924295,85.96626012174221,0,100,3.0,8,0.16764871528202394
10.715,0.1046628598272375,90.81658192531896,0,100,3.0,8,0.2636946915904744
10.72,0.1320831047748631,97.10833980159956,0,100,3.0,8,0.38828395646731795
10.725,0.16303381314489318,104.52938760793602,0,100,3.0,8,0.5352353981769508
10.73,0.19682662652900276,112.38094101245923,0,100,3.0,8,0.6907117032170145
10.735,0.23241585813229,119.64223165483207,0,100,3.0,8,0.834499636729348
10.74,0.26842527782774417,125.1719099748606,0,100,3.0,8,0.9439982173239723
10.745,0.30321927900592993,128.0,0,100,3.0,8,1.0
10.75,0.3350163137995362,127.6101393237791,0,100,3.0,8,0.992279986609487
10.755,0.3620352400956416,124.10010403781507,0,100,3.0,8,0.9227743373824767
10.76,0.3826586036805073,118.15277378027952,0,100,3.0,8,0.8050054213916736
10.765,0.39559233134833227,110.8299379581053,0,100,3.0,8,0.6599987714476298
10.77,0.4,103.27489006078626,0,100,3.0,8,0.510393862589827
10.775,0.39559233134833227,96.43814350154825,0,100,3.0,8,0.3750127426049159
10.78,0.3826586036805073,90.9137835998359,0,100,3.0,8,0.26561947722447316
10.785,0.3620352400956416,86.9136909261355,0,100,3.0,8,0.1864097213096139
10.79,0.3350163137995362,84.34894125219122,0,100,3.0,8,0.13562259905329158
10.795,0.3032192790059296,82.95851223358169,0,100,3.0,8,0.10808935116003339
10.8,0.26842527782774417,82.42961246934831,0,100,3.0,8,0.09761608850194681
10.805,0.23241585813229,82.47825904809713,0,100,3.0,8,0.09857938709103227
10.81,0.19682662652900276,82.88510695734854,0,100,3.0,8,0.10663578133363447
10.815,0.16303381314489318,83.49817142324218,0,100,3.0,8,0.11877567174736997
10.82,0.13208310477486307,84.218703403949,0,100,3.0,8,0.1330436317613662
10.825,0.10466285982723562,84.98313005843968,0,100,3.0,8,0.14818079323642938
10.83,0.08111733445917907,85.74806308660983,0,100,3.0,8,0.163327981913066
10.835,0.06149084917398798,86.48049615879853,0,100,3.0,8,0.17783160710492138
10.84,0.04559141333598128,87.1526196872008,0,100,3.0,8,0.19114098390496628
10.845,0.03306217087257399,87.73979816955085,0,100,3.0,9,0.20276828058516538
10.85,0.02345067901074276,88.22034613356011,0,100,3.0,9,0.2122840818526755
10.855,0.016268788896435526,88.57613991279077,0,100,3.0,9,0.2193295032235795
10.86,0.011039026374860051,88.79347868239333,0,100,3.0,9,0.22363324123551145
10.865,0.007326255555493689,88.86386439984123,0,100,3.0,9,0.2250270178186383
10.87,0.0047556414315231815,88.78452238775425,0,100,3.0,9,0.22345588886642082
10.875,0.0030193390635632803,88.55857365850133,0,100,3.0,9,0.21898165660398675
10.88,0.001874953127946523,88.19482866332193,0,100,3.0,9,0.2117787854123154
10.885,0.0011387927410965778,87.70721657209255,0,100,3.0,9,0.2021231004374762
10.89,0.0006765107634274089,87.11390019357708,0,100,3.0,9,0.1903742612589521
10.895,0.00039307957404427924,86.43615452975533,0,100,3.0,9,0.17695355504465995
10.9,0.00022338910511776318,85.6971052748557,0,100,3.0,9,0.16231891633377626
10.905,0.00012417073320013317,84.92043109401514,0,100,3.0,9,0.14693922958445826
10.91,6.750753468904987e-05,84.12913009206147,0,100,3.0,9,0.13126990281309847
10.915,3.5897234866245036e-05,83.3444376315581,0,100,3.0,9,0.11573143824867513
10.92,1.8670050400879738e-05,82.58496182074326,0,100,3.0,9,0.10069231328204475
10.925,9.497421874143672e-06,81.86607755524824,0,100,3.0,9,0.08645698129204434
10.93,4.725434140340885e-06,81.1995932352933,0,100,3.0,9,0.07325927198600607
10.935,2.299606063738814e-06,80.59367928154045,0,100,3.0,9,0.061260975872088036
10.94,1.0945633976635486e-06,80.05302685084085,0,100,3.0,9,0.05055498714536339
10.945,5.095703414287532e-07,79.5791903812813,0,100,3.0,9,0.041172086758045415
10.95,2.3202944964797243e-07,79.17105949996414,0,100,3.0,9,0.03309028712800286
10.955,1.0333746954038608e-07,78.82540422739977,0,100,3.0,9,0.026245628265342033
10.96,4.501406988770349e-08,78.53744138964515,0,100,3.0,9,0.02054339385435946
10.965,0.0,78.30137828670698,0,100,3.0,9,0.01586887696449461
10.97,0.0,78.11090032048983,0,100,3.0,9,0.012097036049303622
10.975,0.0,77.95958084176635,0,100,3.0,9,0.009100610728046602
10.98,0.0,77.84120254425764,0,100,3.0,9,0.006756486024903777
10.985,0.0,77.74998928072644,0,100,3.0,9,0.004950282786662154
10.99,0.0,77.68075457337353,0,100,3.0,9,0.0035792984826442343
10.995,0.0,77.62897810246339,0,100,3.0,9,0.0025540218309582667
11.0,0.0,77.59082417329567,0,100,3.0,9,0.0017984984811024256
11.005,0.0,77.56311690651798,0,100,3.0,9,0.0012498397330292315
11.01,0.0,77.54328612787634,0,100,3.0,9,0.0008571510470562883
11.015,0.0,77.52929615012752,0,100,3.0,9,0.0005801217847033963
11.02,0.0,77.51956731102686,0,100,3.0,9,0.00038747150548240573
11.025,0.0,77.51289764815891,0,100,3.0,9,0.00025539897344380267
11.03,0.0,77.5083897435128,0,100,3.0,9,0.00016613353490680706
11.035,0.0,77.5053857429786,0,100,3.0,9,0.00010664837581393074
11.04,0.0,77.50341193968492,0,100,3.0,9,6.756316207769271e-05
11.045,0.0,77.50213312275217,0,100,3.0,9,4.224005449841435e-05
11.05,0.0,77.50131610073626,0,100,3.0,9,2.606140071804367e-05
11.055,0.0,77.5008013480742,0,100,3.0,9,1.586827869713002e-05
11.06,0.0,77.50048151746557,0,100,3.0,9,9.53499931828185e-06
11.065,0.0,77.5002855365269,0,100,3.0,9,5.654188651540086e-06
11.07,0.0,77.50016709755003,0,100,3.0,9,3.3088623768948633e-06
11.075,0.0,77.50009650221315,0,100,3.0,9,1.910934913937153e-06
11.08,0.0,77.50005500007046,0,100,3.0,9,1.0891103061517737e-06
11.085,0.0,77.50003093484894,0,100,3.0,9,6.125712660728949e-07
11.09,0.0,77.50001717083974,0,100,3.0,9,3.400166285205565e-07
11.095,0.0,77.5000094057591,0,100,3.0,9,1.862526554723805e-07
11.1,0.0,77.50000508457842,0,100,3.0,9,1.0068472116328471e-07
11.105,0.001684486749771458,77.50000271253174,0,100,3.0,9,5.371349977782068e-08
11.11,0.00456624331333666,77.50000142808314,0,100,3.0,9,2.8278874019138535e-08
11.115,0.011079731271581421,77.50000074197783,0,100,3.0,9,1.4692630267547591e-08
11.12,0.024064571490409,77.50000038044087,0,100,3.0,9,7.533482502286362e-09
11.125,0.046784906529573234,77.50000019250507,0,100,3.0,9,3.811981577479792e-09
11.13,0.08141644351188804,77.50000009612934,0,100,3.0,9,1.9035513055809637e-09
11.135,0.12682276464025305,77.50000004737274,0,100,3.0,9,9.38073996918986e-10
11.14,0.1768320708657512,77.5000000230388,0,100,3.0,9,4.562137422512348e-10
11.145,0.22070063230473494,77.50000001105732,0,100,3.0,9,2.1895690980894113e-10
11.15,0.24656126505113576,77.5000000052372,0,100,3.0,9,1.0370687806865288e-10
11.155,0.24656126505724016,77.50000000244798,0,100,3.0,9,4.8474773150404206e-11
11.16,0.220700632329898,77.50000000112921,0,100,3.0,9,2.2360568842072603e-11
11.165,0.17683207093748562,77.50000000051404,0,100,3.0,9,1.0178911618975978e-11
11.17,0.12682276483597799,77.50000000023093,0,100,3.0,9,4.5727997845947045e-12
11.175,0.08141644409447898,77.50000000010237,0,100,3.0,9,2.0272276706597077e-12
11.18,0.04678490952598309,77.50000000004479,0,100,3.0,9,8.869824566795389e-13
11.185,0.024064605020532023,77.50000000001934,0,100,3.0,9,3.829895696512857e-13
11.19,0.011080171739334697,77.50000000000824,0,100,3.0,9,1.632137769270725e-13
11.195,0.004571212771509492,77.50000000000347,0,100,3.0,9,6.86623475348374e-14
11.2,0.0017299316936037438,77.50000000000144,0,100,3.0,9,2.842170943040401e-14
11.205,0.0008899431850697582,77.50000000000058,0,100,3.0,9,1.1537525610362024e-14
11.21,0.002128806368910263,77.50000000000024,0,100,3.0,9,4.783852082345229e-15
11.215,0.009309664818487698,77.5000000000001,0,100,3.0,9,1.969821445671565e-15
11.22,0.03503263543368747,77.50000000000004,0,100,3.0,9,8.442091910020992e-16
11.225,0.10606267793605692,77.50000000000001,0,100,3.0,9,2.814030636673664e-16
11.23,0.25734927343160535,77.5,0,100,3.0,9,0.0
11.235,0.5003202479539708,77.5,0,100,3.0,9,0.0
11.24,0.7793067891790435,77.5,0,100,3.0,9,0.0
11.245,0.9720477407234077,77.5,1,100,3.0,9,0.0
11.25,0.967267334488097,77.5,0,100,3.0,9,0.0
11.255,0.7505869905515209,77.5,0,100,3.0,9,0.0
11.26,0.4028369574773956,77.5,0,100,3.0,9,0.0
11.265,0.04553881263121314,77.5,0,100,3.0,9,0.0
11.27,-0.189138810908105,77.5,0,100,3.0,9,0.0
11.275,-0.22868072635956738,77.5,0,100,3.0,9,0.0
11.28,-0.14104670682394166,77.5,0,100,3.0,9,0.0
11.285,-0.051158381651102834,77.5,0,100,3.0,9,0.0
11.29,-0.008206426846427752,77.5,0,100,3.0,9,0.0
11.295,0.005350271385530505,77.5,0,100,3.0,9,0.0
11.3,0.01084668799215426,77.5,0,100,3.0,9,0.0
11.305,0.016256859896386415,77.5,0,100,3.0,9,0.0
11.31,0.02345021205790711,77.5,0,100,3.0,9,0.0
11.315,0.0330621597308209,77.5,0,100,3.0,9,0.0
11.32,0.04559141319943196,77.5,0,100,3.0,9,0.0
11.325,0.06149084917446989,77.5,0,100,3.0,9,0.0
11.33,0.08111733445924295,77.5,0,100,3.0,9,0.0
11.335,0.1046628598272375,77.5,0,100,3.0,9,0.0
11.34,0.1320831047748631,77.5,0,100,3.0,9,0.0
11.345,0.16303381314489318,77.5,0,100,3.0,9,0.0
11.35,0.19682662652900276,77.5,0,100,3.0,9,0.0
11.355,0.23241585813229,77.5,0,100,3.0,9,0.0
11.36,0.26842527782774417,77.5,0,100,3.0,9,0.0
11.365,0.30321927900592993,77.5,0,100,3.0,9,0.0
11.37,0.3350163137995362,77.5,0,100,3.0,9,0.0
11.375,0.3620352400956416,77.5,0,100,3.0,9,0.0
11.38,0.3826586036805073,77.5,0,100,3.0,9,0.0
11.385,0.39559233134833227,77.5,0,100,3.0,9,0.0
11.39,0.4,77.5,0,100,3.0,9,0.0
11.395,0.39559233134833227,77.5,0,100,3.0,9,0.0
11.4,0.3826586036805073,77.5,0,100,3.0,9,0.0
11.405,0.3620352400956416,77.5,0,100,3.0,9,0.0
11.41,0.3350163137995362,77.5,0,100,3.0,9,0.0
11.415,0.3032192790059296,77.5,0,100,3.0,9,0.0
11.42,0.26842527782774417,77.5,0,100,3.0,9,0.0
11.425,0.23241585813229,77.5,0,100,3.0,9,0.0
11.43,0.19682662652900276,77.5,0,100,3.0,9,0.0
11.435,0.16303381314489318,77.5,0,100,3.0,9,0.0
11.44,0.13208310477486307,77.5,0,100,3.0,9,0.0
11.445,0.10466285982723562,77.5,0,100,3.0,9,0.0
11.45,0.08111733445917907,77.5,0,100,3.0,9,0.0
11.455,0.06149084917398798,77.5,0,100,3.0,9,0.0
11.46,0.04559141333598128,77.5,0,100,3.0,9,0.0
11.465,0.03306217087257399,77.5,0,100,3.0,9,0.0
11.47,0.02345067901074276,77.5,0,100,3.0,9,0.0
11.475,0.016268788896435526,77.5,0,100,3.0,9,0.0
11.48,0.011039026374860051,77.5,0,100,3.0,9,0.0
11.485,0.007326255555493689,77.5,0,100,3.0,9,0.0
11.49,0.0047556414315231815,77.5,0,100,3.0,9,0.0
11.495,0.0030193390635632803,77.5,0,100,3.0,9,0.0
11.5,0.001874953127946523,77.5,0,100,3.0,9,0.0
11.505,0.0011387927410965778,77.5,0,100,3.0,9,0.0
11.51,0.0006765107634274089,77.5,0,100,3.0,9,0.0
11.515,0.00039307957404427924,77.5,0,100,3.0,9,0.0
11.52,0.00022338910511776318,77.5,0,100,3.0,9,0.0
11.525,0.00012417073320013317,77.5,0,100,3.0,9,0.0
11.53,6.750753468904987e-05,77.5,0,100,3.0,9,0.0
11.535,3.5897234866245036e-05,77.5,0,100,3.0,9,0.0
11.54,1.8670050400879738e-05,77.5,0,100,3.0,9,0.0
11.545,9.497421874143672e-06,77.5,0,100,3.0,9,0.0
11.55,4.725434140340885e-06,77.5,0,100,3.0,9,0.0
11.555,2.299606063738814e-06,77.5,0,100,3.0,9,0.0
11.56,1.0945633976635486e-06,77.5,0,100,3.0,9,0.0
11.565,5.095703414287532e-07,77.5,0,100,3.0,9,0.0
11.57,2.3202944964797243e-07,77.5,0,100,3.0,9,0.0
11.575,1.0333746954038608e-07,77.5,0,100,3.0,9,0.0
11.58,4.501406988770349e-08,77.5,0,100,3.0,9,0.0
11.585,0.0,77.5,0,100,3.0,9,0.0
11.59,0.0,77.5,0,100,3.0,9,0.0
11.595,0.0,77.5,0,100,3.0,9,0.0
11.6,0.0,77.5,0,100,3.0,9,0.0
11.605,0.0,77.5,0,100,3.0,9,0.0
11.61,0.0,77.5,0,100,3.0,9,0.0
11.615,0.0,77.5,0,100,3.0,9,0.0
11.62,0.0,77.5,0,100,3.0,9,0.0
11.625,0.0,77.5,0,100,3.0,9,0.0
11.63,0.0,77.5,0,100,3.0,9,0.0
11.635,0.0,77.5,0,100,3.0,9,0.0
11.64,0.0,77.5,0,100,3.0,9,0.0
11.645,0.0,77.5,0,100,3.0,9,0.0
11.65,0.0,77.5,0,100,3.0,9,0.0
11.655,0.0,77.5,0,100,3.0,9,0.0
11.66,0.0,77.5,0,100,3.0,9,0.0
11.665,0.0,77.5,0,100,3.0,9,0.0
11.67,0.0,77.5,0,100,3.0,9,0.0
11.675,0.0,77.5,0,100,3.0,9,0.0
11.68,0.0,77.5,0,100,3.0,9,0.0
11.685,0.0,77.5,0,100,3.0,9,0.0
11.69,0.0,77.5,0,100,3.0,9,0.0
11.695,0.0,77.5,0,100,3.0,9,0.0
11.7,0.0,77.5,0,100,3.0,9,0.0
11.705,0.0,77.5,0,100,3.0,9,0.0
11.71,0.0,77.5,0,100,3.0,9,0.0
11.715,0.0,77.5,0,100,3.0,9,0.0
11.72,0.0,77.5,0,100,3.0,9,0.0
11.725,0.0,77.5,0,100,3.0,9,0.0
11.73,0.0,77.5,0,100,3.0,9,0.0
11.735,0.0,77.5,0,100,3.0,9,0.0
11.74,0.0,77.5,0,100,3.0,9,0.0
11.745,0.0,77.5,0,100,3.0,9,0.0
11.75,0.0,77.5,0,100,3.0,9,0.0
11.755,0.0,77.5,0,100,3.0,9,0.0
11.76,0.0,77.5,0,100,3.0,9,0.0
11.765,0.0,77.5,0,100,3.0,9,0.0
11.77,0.0,77.5,0,100,3.0,9,0.0
11.775,0.0,77.5,0,100,3.0,9,0.0
11.78,0.0,77.5,0,100,3.0,9,0.0
11.785,0.0,77.5,0,100,3.0,9,0.0
11.79,0.0,77.5,0,100,3.0,9,0.0
11.795,0.0,77.5,0,100,3.0,9,0.0
11.8,0.0,77.5,0,100,3.0,9,0.0
11.805,0.0,77.5,0,100,3.0,9,0.0
11.81,0.0,77.5,0,100,3.0,9,0.0
11.815,0.0,77.5,0,100,3.0,9,0.0
11.82,0.0,77.5,0,100,3.0,9,0.0
11.825,0.0,77.5,0,100,3.0,9,0.0
11.83,0.0,77.5,0,100,3.0,9,0.0
11.835,0.0,77.5,0,100,3.0,9,0.0
11.84,0.0,77.5,0,100,3.0,9,0.0
11.845,0.0,77.5,0,100,3.0,9,0.0
11.85,0.0,77.5,0,100,3.0,9,0.0
11.855,0.0,77.5,0,100,3.0,9,0.0
11.86,0.0,77.5,0,100,3.0,9,0.0
11.865,0.0,77.5,0,100,3.0,9,0.0
11.87,0.0,77.5,0,100,3.0,9,0.0
11.875,0.0,77.5,0,100,3.0,9,0.0
11.88,0.0,77.5,0,100,3.0,9,0.0
11.885,0.0,77.5,0,100,3.0,9,0.0
11.89,0.0,77.5,0,100,3.0,9,0.0
11.895,0.0,77.5,0,100,3.0,9,0.0
11.9,0.0,77.5,0,100,3.0,9,0.0
11.905,0.0,77.5,0,100,3.0,9,0.0
11.91,0.0,77.5,0,100,3.0,9,0.0
11.915,0.0,77.5,0,100,3.0,9,0.0
11.92,0.0,77.5,0,100,3.0,9,0.0
11.925,0.0,77.5,0,100,3.0,9,0.0
11.93,0.0,77.5,0,100,3.0,9,0.0
11.935,0.0,77.5,0,100,3.0,9,0.0
11.94,0.0,77.5,0,100,3.0,9,0.0
11.945,0.0,77.5,0,100,3.0,9,0.0
11.95,0.0,77.5,0,100,3.0,9,0.0
11.955,0.0,77.5,0,100,3.0,9,0.0
11.96,0.0,77.5,0,100,3.0,9,0.0
11.965,0.0,77.5,0,100,3.0,9,0.0
11.97,0.0,77.5,0,100,3.0,9,0.0
11.975,0.0,77.5,0,100,3.0,9,0.0
11.98,0.0,77.5,0,100,3.0,9,0.0
11.985,0.0,77.5,0,100,3.0,9,0.0
11.99,0.0,77.5,0,100,3.0,9,0.0
11.995,0.0,77.5,0,100,3.0,9,0.0
